-0.274424 4.16854 0.620378 -12.5859 6.07027 1.62385 
-0.243598 4.14462 0.598672 -12.6326 6.06993 1.63292 
-0.212773 4.12071 0.576966 -12.6793 6.06959 1.64198 
-0.181947 4.09679 0.55526 -12.726 6.06925 1.65105 
-0.151122 4.07288 0.533554 -12.7727 6.06891 1.66011 
-0.120296 4.04896 0.511848 -12.8194 6.06857 1.66918 
-0.0894707 4.02505 0.490141 -12.8661 6.06823 1.67825 
-0.0586452 4.00113 0.468435 -12.9128 6.06789 1.68731 
-0.0278196 3.97722 0.446729 -12.9595 6.06755 1.69638 
0.00300593 3.9533 0.425023 -13.0062 6.06721 1.70544 
0.0338315 3.92939 0.403317 -13.0529 6.06687 1.71451 
0.064657 3.90547 0.381611 -13.0996 6.06653 1.72357 
0.0954826 3.88156 0.359905 -13.1463 6.06619 1.73264 
0.126308 3.85764 0.338199 -13.193 6.06585 1.74171 
0.157134 3.83373 0.316493 -13.2397 6.06551 1.75077 
0.187959 3.80981 0.294787 -13.2864 6.06517 1.75984 
0.218785 3.7859 0.273081 -13.3331 6.06483 1.7689 
0.24961 3.76198 0.251375 -13.3798 6.06449 1.77797 
0.280436 3.73807 0.229668 -13.4265 6.06415 1.78704 
0.311261 3.71415 0.207962 -13.4731 6.06381 1.7961 
0.342087 3.69024 0.186256 -13.5198 6.06347 1.80517 
0.372913 3.66632 0.16455 -13.5665 6.06313 1.81423 
0.403738 3.64241 0.142844 -13.6132 6.06279 1.8233 
0.434564 3.61849 0.121138 -13.6599 6.06245 1.83237 
0.465389 3.59458 0.0994319 -13.7066 6.06211 1.84143 
0.496215 3.57066 0.0777258 -13.7533 6.06177 1.8505 
0.52704 3.54675 0.0560198 -13.8 6.06143 1.85956 
0.557866 3.52283 0.0343137 -13.8467 6.06109 1.86863 
0.588691 3.49891 0.0126076 -13.8934 6.06075 1.87769 
0.619517 3.475 -0.00909851 -13.9401 6.06041 1.88676 
0.650342 3.45108 -0.0308046 -13.9868 6.06007 1.89583 
0.681168 3.42717 -0.0525107 -14.0335 6.05973 1.90489 
0.711994 3.40325 -0.0742168 -14.0802 6.05939 1.91396 
0.676579 3.36783 -0.0370888 -14.0927 6.02595 1.92263 
0.641165 3.3324 3.92236e-05 -14.1052 5.9925 1.93129 
0.605751 3.29698 0.0371672 -14.1177 5.95906 1.93996 
0.570337 3.26155 0.0742952 -14.1302 5.92561 1.94863 
0.534923 3.22612 0.111423 -14.1427 5.89217 1.95729 
0.499509 3.1907 0.148551 -14.1552 5.85873 1.96596 
0.464095 3.15527 0.185679 -14.1677 5.82528 1.97463 
0.428681 3.11984 0.222807 -14.1802 5.79184 1.9833 
0.393267 3.08442 0.259935 -14.1927 5.75839 1.99196 
0.357852 3.04899 0.297063 -14.2052 5.72495 2.00063 
0.322438 3.01357 0.334191 -14.2177 5.6915 2.0093 
0.287024 2.97814 0.371319 -14.2302 5.65806 2.01796 
0.25161 2.94271 0.408447 -14.2426 5.62461 2.02663 
0.216196 2.90729 0.445575 -14.2551 5.59117 2.0353 
0.180782 2.87186 0.482703 -14.2676 5.55772 2.04397 
0.145368 2.83643 0.519831 -14.2801 5.52428 2.05263 
0.109954 2.80101 0.556959 -14.2926 5.49083 2.0613 
0.0745395 2.76558 0.594087 -14.3051 5.45739 2.06997 
0.0391254 2.73016 0.631215 -14.3176 5.42395 2.07864 
0.00371133 2.69473 0.668343 -14.3301 5.3905 2.0873 
-0.0317028 2.6593 0.705471 -14.3426 5.35706 2.09597 
-0.0671169 2.62388 0.742599 -14.3551 5.32361 2.10464 
-0.102531 2.58845 0.779727 -14.3676 5.29017 2.1133 
-0.137945 2.55302 0.816855 -14.3801 5.25672 2.12197 
-0.173359 2.5176 0.853983 -14.3926 5.22328 2.13064 
-0.208773 2.48217 0.891111 -14.4051 5.18983 2.13931 
-0.244187 2.44674 0.928239 -14.4176 5.15639 2.14797 
-0.279602 2.41132 0.965367 -14.4301 5.12294 2.15664 
-0.315016 2.37589 1.0025 -14.4426 5.0895 2.16531 
-0.35043 2.34047 1.03962 -14.4551 5.05605 2.17397 
-0.385844 2.30504 1.07675 -14.4676 5.02261 2.18264 
-0.421258 2.26961 1.11388 -14.4801 4.98917 2.19131 
-0.456562 2.2343 1.15089 -14.4925 4.95583 2.19995 
-0.491866 2.19898 1.1879 -14.505 4.92248 2.20859 
-0.52717 2.16367 1.22492 -14.5174 4.88914 2.21723 
-0.562473 2.12835 1.26193 -14.5299 4.8558 2.22587 
-0.597777 2.09303 1.29894 -14.5423 4.82246 2.23451 
-0.633081 2.05772 1.33595 -14.5548 4.78912 2.24315 
-0.668385 2.0224 1.37297 -14.5672 4.75578 2.25179 
-0.703689 1.98709 1.40998 -14.5797 4.72244 2.26043 
-0.738993 1.95177 1.44699 -14.5922 4.6891 2.26907 
-0.774296 1.91645 1.484 -14.6046 4.65576 2.27771 
-0.8096 1.88114 1.52102 -14.6171 4.62242 2.28635 
-0.844904 1.84582 1.55803 -14.6295 4.58908 2.29499 
-0.880208 1.81051 1.59504 -14.642 4.55574 2.30363 
-0.915512 1.77519 1.63205 -14.6544 4.5224 2.31227 
-0.950816 1.73987 1.66906 -14.6669 4.48906 2.32091 
-0.98612 1.70456 1.70608 -14.6794 4.45572 2.32955 
-1.02142 1.66924 1.74309 -14.6918 4.42238 2.33819 
-1.05673 1.63393 1.7801 -14.7043 4.38904 2.34683 
-1.09203 1.59861 1.81711 -14.7167 4.3557 2.35547 
-1.12733 1.56329 1.85413 -14.7292 4.32236 2.36411 
-1.16264 1.52798 1.89114 -14.7416 4.28902 2.37275 
-1.19794 1.49266 1.92815 -14.7541 4.25568 2.38139 
-1.23325 1.45735 1.96516 -14.7665 4.22233 2.39003 
-1.26855 1.42203 2.00218 -14.779 4.18899 2.39867 
-1.30385 1.38671 2.03919 -14.7915 4.15565 2.40732 
-1.33916 1.3514 2.0762 -14.8039 4.12231 2.41596 
-1.37446 1.31608 2.11321 -14.8164 4.08897 2.4246 
-1.40977 1.28077 2.15023 -14.8288 4.05563 2.43324 
-1.44507 1.24545 2.18724 -14.8413 4.02229 2.44188 
-1.48037 1.21013 2.22425 -14.8537 3.98895 2.45052 
-1.51568 1.17482 2.26126 -14.8662 3.95561 2.45916 
-1.55098 1.1395 2.29828 -14.8787 3.92227 2.4678 
-1.54754 1.12178 2.3115 -14.843 3.94308 2.45026 
-1.5441 1.10406 2.32473 -14.8074 3.96389 2.43273 
-1.54066 1.08634 2.33796 -14.7718 3.9847 2.4152 
-1.53721 1.06862 2.35118 -14.7362 4.00551 2.39767 
-1.53377 1.0509 2.36441 -14.7006 4.02633 2.38013 
-1.53033 1.03318 2.37764 -14.665 4.04714 2.3626 
-1.52689 1.01546 2.39087 -14.6294 4.06795 2.34507 
-1.52345 0.997742 2.40409 -14.5938 4.08876 2.32754 
-1.52001 0.980022 2.41732 -14.5582 4.10957 2.31 
-1.51656 0.962302 2.43055 -14.5226 4.13038 2.29247 
-1.51312 0.944582 2.44378 -14.487 4.15119 2.27494 
-1.50968 0.926861 2.457 -14.4514 4.172 2.25741 
-1.50624 0.909141 2.47023 -14.4158 4.19281 2.23988 
-1.5028 0.891421 2.48346 -14.3802 4.21362 2.22234 
-1.49936 0.873701 2.49668 -14.3446 4.23443 2.20481 
-1.49591 0.855981 2.50991 -14.309 4.25525 2.18728 
-1.49247 0.838261 2.52314 -14.2734 4.27606 2.16975 
-1.48903 0.820541 2.53637 -14.2378 4.29687 2.15221 
-1.48559 0.802821 2.54959 -14.2022 4.31768 2.13468 
-1.48215 0.7851 2.56282 -14.1666 4.33849 2.11715 
-1.47871 0.76738 2.57605 -14.131 4.3593 2.09962 
-1.47526 0.74966 2.58927 -14.0954 4.38011 2.08208 
-1.47182 0.73194 2.6025 -14.0598 4.40092 2.06455 
-1.46838 0.71422 2.61573 -14.0242 4.42173 2.04702 
-1.46494 0.6965 2.62896 -13.9886 4.44254 2.02949 
-1.4615 0.67878 2.64218 -13.953 4.46335 2.01195 
-1.45806 0.661059 2.65541 -13.9174 4.48417 1.99442 
-1.45461 0.643339 2.66864 -13.8818 4.50498 1.97689 
-1.45117 0.625619 2.68186 -13.8462 4.52579 1.95936 
-1.44773 0.607899 2.69509 -13.8106 4.5466 1.94182 
-1.44429 0.590179 2.70832 -13.7749 4.56741 1.92429 
-1.44085 0.572459 2.72155 -13.7393 4.58822 1.90676 
-1.4374 0.554739 2.73477 -13.7037 4.60903 1.88923 
-1.43396 0.537018 2.748 -13.6681 4.62984 1.87169 
-1.43052 0.519298 2.76123 -13.6325 4.65065 1.85416 
-1.42708 0.501578 2.77446 -13.5969 4.67146 1.83663 
-1.42364 0.483858 2.78768 -13.5613 4.69227 1.8191 
-1.4202 0.466138 2.80091 -13.5257 4.71309 1.80156 
-1.41675 0.448418 2.81414 -13.4901 4.7339 1.78403 
-1.41331 0.430698 2.82736 -13.4545 4.75471 1.7665 
-1.40987 0.412978 2.84059 -13.4189 4.77552 1.74897 
-1.40643 0.395257 2.85382 -13.3833 4.79633 1.73143 
-1.40299 0.377537 2.86705 -13.3477 4.81714 1.7139 
-1.39955 0.359817 2.88027 -13.3121 4.83795 1.69637 
-1.3961 0.342097 2.8935 -13.2765 4.85876 1.67884 
-1.39266 0.324377 2.90673 -13.2409 4.87957 1.6613 
-1.38922 0.306657 2.91995 -13.2053 4.90038 1.64377 
-1.38578 0.288937 2.93318 -13.1697 4.92119 1.62624 
-1.38234 0.271216 2.94641 -13.1341 4.94201 1.60871 
-1.3789 0.253496 2.95964 -13.0985 4.96282 1.59117 
-1.37545 0.235776 2.97286 -13.0629 4.98363 1.57364 
-1.37201 0.218056 2.98609 -13.0273 5.00444 1.55611 
-1.36857 0.200336 2.99932 -12.9917 5.02525 1.53858 
-1.36513 0.182616 3.01255 -12.9561 5.04606 1.52105 
-1.36169 0.164896 3.02577 -12.9205 5.06687 1.50351 
-1.35825 0.147176 3.039 -12.8849 5.08768 1.48598 
-1.3548 0.129455 3.05223 -12.8493 5.10849 1.46845 
-1.35136 0.111735 3.06545 -12.8137 5.1293 1.45092 
-1.34792 0.0940151 3.07868 -12.7781 5.15011 1.43338 
-1.34448 0.076295 3.09191 -12.7424 5.17093 1.41585 
-1.34104 0.0585748 3.10514 -12.7068 5.19174 1.39832 
-1.3376 0.0408547 3.11836 -12.6712 5.21255 1.38079 
-1.33415 0.0231346 3.13159 -12.6356 5.23336 1.36325 
-1.33071 0.00541442 3.14482 -12.6 5.25417 1.34572 
-1.32727 -0.0123057 3.15804 -12.5644 5.27498 1.32819 
-1.32383 -0.0300259 3.17127 -12.5288 5.29579 1.31066 
-1.32039 -0.047746 3.1845 -12.4932 5.3166 1.29312 
-1.31695 -0.0654661 3.19773 -12.4576 5.33741 1.27559 
-1.3135 -0.0831863 3.21095 -12.422 5.35822 1.25806 
-1.31006 -0.100906 3.22418 -12.3864 5.37904 1.24053 
-1.30662 -0.118627 3.23741 -12.3508 5.39985 1.22299 
-1.30318 -0.136347 3.25063 -12.3152 5.42066 1.20546 
-1.29974 -0.154067 3.26386 -12.2796 5.44147 1.18793 
-1.2963 -0.171787 3.27709 -12.244 5.46228 1.1704 
-1.29285 -0.189507 3.29032 -12.2084 5.48309 1.15286 
-1.28941 -0.207227 3.30354 -12.1728 5.5039 1.13533 
-1.28597 -0.224947 3.31677 -12.1372 5.52471 1.1178 
-1.28253 -0.242667 3.33 -12.1016 5.54552 1.10027 
-1.27909 -0.260388 3.34323 -12.066 5.56633 1.08273 
-1.27564 -0.278108 3.35645 -12.0304 5.58714 1.0652 
-1.2722 -0.295828 3.36968 -11.9948 5.60796 1.04767 
-1.26876 -0.313548 3.38291 -11.9592 5.62877 1.03014 
-1.26532 -0.331268 3.39613 -11.9236 5.64958 1.0126 
-1.26188 -0.348988 3.40936 -11.888 5.67039 0.995072 
-1.25844 -0.366708 3.42259 -11.8524 5.6912 0.977539 
-1.25499 -0.384429 3.43582 -11.8168 5.71201 0.960007 
-1.25155 -0.402149 3.44904 -11.7812 5.73282 0.942475 
-1.24811 -0.419869 3.46227 -11.7456 5.75363 0.924942 
-1.24467 -0.437589 3.4755 -11.71 5.77444 0.90741 
-1.24123 -0.455309 3.48872 -11.6743 5.79525 0.889877 
-1.23779 -0.473029 3.50195 -11.6387 5.81606 0.872345 
-1.23434 -0.490749 3.51518 -11.6031 5.83688 0.854812 
-1.2309 -0.50847 3.52841 -11.5675 5.85769 0.83728 
-1.22746 -0.52619 3.54163 -11.5319 5.8785 0.819747 
-1.22402 -0.54391 3.55486 -11.4963 5.89931 0.802215 
-1.22058 -0.56163 3.56809 -11.4607 5.92012 0.784683 
-1.21714 -0.57935 3.58132 -11.4251 5.94093 0.76715 
-1.21369 -0.59707 3.59454 -11.3895 5.96174 0.749618 
-1.21025 -0.61479 3.60777 -11.3539 5.98255 0.732085 
-1.20681 -0.63251 3.621 -11.3183 6.00336 0.714553 
-1.20337 -0.650231 3.63422 -11.2827 6.02417 0.69702 
-1.19993 -0.667951 3.64745 -11.2471 6.04498 0.679488 
-1.19649 -0.685671 3.66068 -11.2115 6.0658 0.661956 
-1.19304 -0.703391 3.67391 -11.1759 6.08661 0.644423 
-1.1896 -0.721111 3.68713 -11.1403 6.10742 0.626891 
-1.18616 -0.738831 3.70036 -11.1047 6.12823 0.609358 
-1.18272 -0.756551 3.71359 -11.0691 6.14904 0.591826 
-1.17928 -0.774272 3.72681 -11.0335 6.16985 0.574293 
-1.17584 -0.791992 3.74004 -10.9979 6.19066 0.556761 
-1.17239 -0.809712 3.75327 -10.9623 6.21147 0.539228 
-1.16895 -0.827432 3.7665 -10.9267 6.23228 0.521696 
-1.16551 -0.845152 3.77972 -10.8911 6.25309 0.504164 
-1.16207 -0.862872 3.79295 -10.8555 6.2739 0.486631 
-1.15863 -0.880592 3.80618 -10.8199 6.29472 0.469099 
-1.15519 -0.898312 3.81941 -10.7843 6.31553 0.451566 
-1.15174 -0.916033 3.83263 -10.7487 6.33634 0.434034 
-1.1483 -0.933753 3.84586 -10.7131 6.35715 0.416501 
-1.14486 -0.951473 3.85909 -10.6775 6.37796 0.398969 
-1.14142 -0.969193 3.87231 -10.6419 6.39877 0.381436 
-1.13798 -0.986913 3.88554 -10.6062 6.41958 0.363904 
-1.13454 -1.00463 3.89877 -10.5706 6.44039 0.346372 
-1.13109 -1.02235 3.912 -10.535 6.4612 0.328839 
-1.12765 -1.04007 3.92522 -10.4994 6.48201 0.311307 
-1.12421 -1.05779 3.93845 -10.4638 6.50282 0.293774 
-1.12077 -1.07551 3.95168 -10.4282 6.52364 0.276242 
-1.11733 -1.09323 3.9649 -10.3926 6.54445 0.258709 
-1.11388 -1.11095 3.97813 -10.357 6.56526 0.241177 
-1.11044 -1.12867 3.99136 -10.3214 6.58607 0.223645 
-1.07574 -1.0934 4.02288 -10.3114 6.63025 0.216656 
-1.04104 -1.05813 4.0544 -10.3013 6.67444 0.209667 
-1.00634 -1.02286 4.08592 -10.2913 6.71862 0.202678 
-0.971638 -0.98759 4.11744 -10.2812 6.76281 0.195689 
-0.936936 -0.952319 4.14896 -10.2712 6.807 0.1887 
-0.902235 -0.917048 4.18048 -10.2612 6.85118 0.181711 
-0.867534 -0.881777 4.212 -10.2511 6.89537 0.174722 
-0.832832 -0.846506 4.24352 -10.2411 6.93955 0.167733 
-0.798131 -0.811235 4.27504 -10.231 6.98374 0.160745 
-0.76343 -0.775964 4.30656 -10.221 7.02792 0.153756 
-0.728728 -0.740692 4.33808 -10.2109 7.07211 0.146767 
-0.694027 -0.705421 4.3696 -10.2009 7.11629 0.139778 
-0.659326 -0.67015 4.40112 -10.1908 7.16048 0.132789 
-0.624624 -0.634879 4.43264 -10.1808 7.20466 0.1258 
-0.589923 -0.599608 4.46416 -10.1708 7.24885 0.118811 
-0.555222 -0.564337 4.49568 -10.1607 7.29303 0.111822 
-0.52052 -0.529066 4.5272 -10.1507 7.33722 0.104833 
-0.485819 -0.493795 4.55872 -10.1406 7.3814 0.0978445 
-0.451118 -0.458524 4.59024 -10.1306 7.42559 0.0908556 
-0.416416 -0.423253 4.62176 -10.1205 7.46978 0.0838667 
-0.381715 -0.387982 4.65328 -10.1105 7.51396 0.0768778 
-0.347013 -0.352711 4.6848 -10.1004 7.55815 0.0698889 
-0.312312 -0.31744 4.71632 -10.0904 7.60233 0.0629 
-0.277611 -0.282169 4.74784 -10.0804 7.64652 0.0559111 
-0.26026 -0.264533 4.7636 -10.0753 7.66861 0.0524167 
-0.242909 -0.246897 4.77936 -10.0703 7.6907 0.0489222 
-0.225559 -0.229262 4.79512 -10.0653 7.7128 0.0454278 
-0.208208 -0.211626 4.81088 -10.0603 7.73489 0.0419334 
-0.190857 -0.193991 4.82664 -10.0552 7.75698 0.0384389 
-0.173507 -0.176355 4.8424 -10.0502 7.77907 0.0349445 
-0.156156 -0.15872 4.85816 -10.0452 7.80117 0.03145 
-0.138805 -0.141084 4.87392 -10.0402 7.82326 0.0279556 
-0.121455 -0.123449 4.88968 -10.0352 7.84535 0.0244611 
-0.104104 -0.105813 4.90544 -10.0301 7.86744 0.0209667 
-0.0867534 -0.0881777 4.9212 -10.0251 7.88954 0.0174722 
-0.0694027 -0.0705421 4.93696 -10.0201 7.91163 0.0139778 
-0.052052 -0.0529066 4.95272 -10.0151 7.93372 0.0104833 
-0.0347013 -0.0352711 4.96848 -10.01 7.95581 0.00698889 
-0.0173507 -0.0176355 4.98424 -10.005 7.97791 0.00349445 
0 0 5 -10 8 0 
