9
-0.274424 4.16854 0.620378 -12.5859 6.07027 1.62385 -0.919663 -0.686512 -0.553633 -0.420825 -0.209649 1.23071 1.52842 -0.0170947 -1.00374 -0.946141 0.228219 -1.12365 -0.147935 -1.02878 
0.711994 3.40325 -0.0742168 -14.0802 6.05939 1.91396 -1.07 -0.897852 -0.573977 -0.471276 0.00950302 0.771592 0.990398 0.130382 -0.764064 -1.02482 0.425063 -0.895998 0.427192 -1.20903 
-0.421258 2.26961 1.11388 -14.4801 4.98917 2.19131 -1.11319 -1.15052 -0.659567 -0.191805 0.0141001 1.05415 0.951891 0.0599733 -1.03657 -0.992455 0.336604 -0.805926 -0.128621 -1.2006 
-1.55098 1.1395 2.29828 -14.8787 3.92227 2.4678 -0.935267 -1.60551 -0.71776 0.0320429 -0.0570419 1.70859 0.894182 0.223782 -1.40135 -1.11024 0.127098 -0.682378 -0.700943 -0.973049 
-1.49739 0.863602 2.50422 -14.3243 4.2463 2.19482 -0.770012 -1.63578 -0.74971 0.0515811 0.00174388 1.69013 0.94094 0.159432 -1.43548 -1.01405 0.128462 -0.84354 -0.83323 -0.84272 
-1.37082 0.211896 2.99069 -13.0149 5.01167 1.55002 -0.369057 -1.67236 -0.80529 0.0969889 0.109581 1.65457 1.00263 0.0359081 -1.51578 -0.772186 0.118625 -1.19365 -1.1232 -0.546744 
-1.24194 -0.451656 3.486 -11.6817 5.79096 0.893492 0.0187074 -1.66555 -0.861886 0.136511 0.190199 1.664 0.985209 -0.0224604 -1.59153 -0.490634 0.123994 -1.48584 -1.31911 -0.271664 
-1.11044 -1.12867 3.99136 -10.3214 6.58607 0.223645 0.336967 -1.64927 -0.963542 0.154452 0.278707 1.70318 0.86735 -0.0122513 -1.65605 -0.175771 0.137562 -1.77925 -1.27651 0.00109204 
0 0 5 -10 8 0 0.305935 -1.03039 -0.727934 0.319778 0.458636 0.883846 0.34995 0.702649 -1.077 -0.337511 0.296043 -2.92456 -0.816651 0.358031 
