265
-0.919663 -0.686512 -0.553633 -0.420825 -0.209649 1.23071 1.52842 -0.0170947 -1.00374 -0.946141 0.228219 -1.12365 -0.147935 -1.02878 
-0.906995 -0.695822 -0.566074 -0.384683 -0.20989 1.25107 1.52878 -0.0436876 -1.01292 -0.943803 0.201818 -1.11861 -0.189728 -1.03707 
-0.91588 -0.701484 -0.571074 -0.392908 -0.204078 1.22885 1.51748 -0.0359942 -1.00836 -0.949852 0.207872 -1.11286 -0.167126 -1.04358 
-0.924385 -0.707042 -0.575696 -0.400673 -0.198143 1.20695 1.50594 -0.0282971 -1.00337 -0.955607 0.213999 -1.10682 -0.14462 -1.04996 
-0.932701 -0.712693 -0.580033 -0.408116 -0.192142 1.18546 1.49392 -0.0207157 -0.998163 -0.961168 0.220243 -1.10071 -0.122266 -1.05628 
-0.940632 -0.718226 -0.583986 -0.41509 -0.186017 1.16428 1.48163 -0.013166 -0.992543 -0.966422 0.226573 -1.09434 -0.100061 -1.06246 
-0.948358 -0.72386 -0.587646 -0.421736 -0.179826 1.14353 1.46887 -0.00574528 -0.986701 -0.971472 0.233014 -1.0879 -0.0780254 -1.06858 
-0.955873 -0.729594 -0.591009 -0.428052 -0.173568 1.12322 1.45562 0.00154238 -0.98064 -0.976315 0.239564 -1.0814 -0.0561632 -1.07463 
-0.963173 -0.735431 -0.594071 -0.434035 -0.16724 1.10335 1.4419 0.00869191 -0.974362 -0.980949 0.246221 -1.07482 -0.0344778 -1.08062 
-0.970132 -0.741136 -0.596747 -0.439541 -0.16078 1.08378 1.42787 0.0157309 -0.967715 -0.985266 0.252985 -1.06803 -0.013024 -1.08648 
-0.976863 -0.746947 -0.599115 -0.444709 -0.15425 1.06466 1.41337 0.0226222 -0.960857 -0.989364 0.259849 -1.06118 0.00824123 -1.09228 
-0.983364 -0.752861 -0.601171 -0.449539 -0.147649 1.04601 1.3984 0.0293637 -0.953791 -0.993242 0.266808 -1.05427 0.0293169 -1.09802 
-0.98963 -0.758879 -0.602914 -0.454027 -0.140977 1.02783 1.38296 0.0359516 -0.94652 -0.996897 0.273861 -1.04729 0.0502011 -1.1037 
-0.995664 -0.765003 -0.604342 -0.458174 -0.13423 1.01014 1.36706 0.0423812 -0.939048 -1.00033 0.280999 -1.04025 0.0708942 -1.10933 
-1.00146 -0.771227 -0.605452 -0.461976 -0.12741 0.992926 1.35071 0.0486518 -0.931378 -1.00354 0.288224 -1.03316 0.0913936 -1.11491 
-1.00701 -0.777548 -0.606242 -0.465433 -0.120516 0.97621 1.33391 0.054762 -0.923516 -1.00652 0.295531 -1.026 0.111699 -1.12044 
-1.01232 -0.783963 -0.606711 -0.468541 -0.113549 0.959994 1.31668 0.0607088 -0.915466 -1.00927 0.302916 -1.01879 0.131809 -1.12593 
-1.01764 -0.790556 -0.606894 -0.471316 -0.106403 0.94424 1.2989 0.0663374 -0.907103 -1.01185 0.31024 -1.01145 0.151696 -1.13129 
-1.02272 -0.797239 -0.606756 -0.47374 -0.0991812 0.928998 1.28071 0.0717992 -0.89856 -1.0142 0.317634 -1.00406 0.171387 -1.13662 
-1.02755 -0.804007 -0.606299 -0.475814 -0.0918848 0.914273 1.26211 0.0770942 -0.889844 -1.01632 0.325094 -0.99662 0.190883 -1.14191 
-1.03214 -0.810856 -0.605525 -0.477538 -0.0845145 0.900071 1.24311 0.0822201 -0.880962 -1.01821 0.332614 -0.989127 0.210185 -1.14717 
-1.0365 -0.817787 -0.60444 -0.478913 -0.0770695 0.886398 1.22372 0.0871752 -0.87192 -1.01988 0.340184 -0.981585 0.229295 -1.1524 
-1.04061 -0.824789 -0.603047 -0.479938 -0.069552 0.873255 1.20397 0.0919595 -0.862724 -1.02132 0.347803 -0.973996 0.248212 -1.15761 
-1.04449 -0.831857 -0.601352 -0.480612 -0.0619626 0.860646 1.18387 0.096574 -0.853383 -1.02255 0.355464 -0.966363 0.266937 -1.16279 
-1.04814 -0.838985 -0.599362 -0.480936 -0.0543025 0.848573 1.16344 0.101017 -0.843904 -1.02356 0.363162 -0.958687 0.285471 -1.16796 
-1.05159 -0.846214 -0.597088 -0.480938 -0.0465633 0.837067 1.14268 0.105285 -0.834295 -1.02438 0.370857 -0.950967 0.303833 -1.17311 
-1.05481 -0.853492 -0.594536 -0.480591 -0.0387551 0.8261 1.12163 0.109381 -0.824563 -1.025 0.378577 -0.943208 0.322006 -1.17825 
-1.05783 -0.860813 -0.591715 -0.479898 -0.0308786 0.815673 1.10031 0.113306 -0.814717 -1.02541 0.386314 -0.935414 0.339994 -1.18338 
-1.06064 -0.868169 -0.588636 -0.478857 -0.0229349 0.805784 1.07874 0.117061 -0.804765 -1.02564 0.394065 -0.927587 0.357796 -1.1885 
-1.06325 -0.87556 -0.58531 -0.477475 -0.0149239 0.796437 1.05694 0.120645 -0.794716 -1.02569 0.401819 -0.919729 0.375417 -1.19363 
-1.06568 -0.882975 -0.581749 -0.47575 -0.00684703 0.787624 1.03493 0.124059 -0.784578 -1.02556 0.409574 -0.911842 0.392855 -1.19875 
-1.06792 -0.890408 -0.577967 -0.473683 0.00129548 0.779344 1.01274 0.127305 -0.774357 -1.02527 0.417324 -0.903931 0.410114 -1.20389 
-1.07 -0.897852 -0.573977 -0.471276 0.00950302 0.771592 0.990398 0.130382 -0.764064 -1.02482 0.425063 -0.895998 0.427192 -1.20903 
-1.07329 -0.904289 -0.577019 -0.463821 0.0101296 0.779042 0.989756 0.130931 -0.771568 -1.02418 0.423339 -0.893095 0.412893 -1.2084 
-1.07643 -0.910791 -0.580028 -0.456287 0.0107253 0.786533 0.989089 0.131289 -0.779132 -1.02358 0.421492 -0.890249 0.398415 -1.20783 
-1.07942 -0.91736 -0.583007 -0.448672 0.01129 0.794068 0.988397 0.131455 -0.786758 -1.02301 0.419528 -0.887453 0.383756 -1.20734 
-1.08228 -0.923999 -0.585956 -0.440977 0.0118237 0.801655 0.98768 0.13143 -0.794448 -1.02246 0.417453 -0.884703 0.368912 -1.20691 
-1.08499 -0.930713 -0.588879 -0.433202 0.012326 0.809296 0.986939 0.131212 -0.802202 -1.02193 0.415273 -0.881993 0.353881 -1.20654 
-1.08757 -0.937503 -0.591775 -0.425345 0.0127975 0.816998 0.986171 0.130804 -0.810023 -1.02141 0.412994 -0.879318 0.338659 -1.20622 
-1.09 -0.944373 -0.594645 -0.417406 0.0132382 0.824764 0.985377 0.130205 -0.817911 -1.0209 0.410623 -0.876674 0.323245 -1.20596 
-1.09231 -0.951325 -0.597491 -0.409385 0.0136481 0.832601 0.984555 0.129415 -0.825867 -1.02038 0.408164 -0.874054 0.307634 -1.20574 
-1.09448 -0.958368 -0.600315 -0.401282 0.0140246 0.840515 0.983707 0.128437 -0.833891 -1.01986 0.40562 -0.871453 0.29183 -1.20557 
-1.09653 -0.965499 -0.603116 -0.393097 0.0143706 0.848508 0.982828 0.127271 -0.841984 -1.01933 0.403002 -0.868866 0.275825 -1.20544 
-1.09845 -0.972722 -0.605894 -0.384829 0.0146866 0.856585 0.981919 0.125919 -0.850147 -1.01878 0.400314 -0.866289 0.259619 -1.20534 
-1.10024 -0.980041 -0.60865 -0.376476 0.0149725 0.864751 0.980976 0.124383 -0.858381 -1.0182 0.397562 -0.863717 0.243208 -1.20527 
-1.10191 -0.987459 -0.611385 -0.36804 0.0152283 0.873011 0.979999 0.122665 -0.866686 -1.01759 0.394752 -0.861146 0.226591 -1.20522 
-1.10346 -0.994977 -0.614098 -0.359519 0.0154546 0.881369 0.978986 0.120767 -0.875061 -1.01695 0.391889 -0.858569 0.209767 -1.2052 
-1.10489 -1.0026 -0.61679 -0.350914 0.0156515 0.88983 0.977934 0.118692 -0.883507 -1.01626 0.388979 -0.855982 0.192734 -1.20519 
-1.1062 -1.01033 -0.619462 -0.342223 0.0158192 0.898398 0.976841 0.116442 -0.892023 -1.01552 0.386029 -0.853382 0.175491 -1.20518 
-1.10739 -1.0182 -0.62212 -0.333472 0.0159371 0.907108 0.975724 0.114025 -0.900583 -1.01473 0.383001 -0.850751 0.15806 -1.20517 
-1.10847 -1.02619 -0.624758 -0.324635 0.0160261 0.915935 0.974562 0.11144 -0.909212 -1.01387 0.379944 -0.848096 0.140417 -1.20515 
-1.10944 -1.03429 -0.627375 -0.315712 0.0160862 0.924882 0.973351 0.10869 -0.91791 -1.01295 0.37686 -0.845413 0.122561 -1.20512 
-1.1103 -1.04251 -0.629973 -0.306703 0.0161174 0.933955 0.97209 0.105779 -0.926675 -1.01196 0.373756 -0.842698 0.104492 -1.20507 
-1.11106 -1.05084 -0.63255 -0.297607 0.0161194 0.943157 0.970776 0.10271 -0.935506 -1.01088 0.370637 -0.839945 0.0862108 -1.205 
-1.11171 -1.05929 -0.635107 -0.288424 0.0160923 0.952493 0.969405 0.0994885 -0.944402 -1.00972 0.367507 -0.837151 0.0677168 -1.2049 
-1.11227 -1.06787 -0.637644 -0.279154 0.0160358 0.961967 0.967974 0.0961184 -0.953363 -1.00847 0.364371 -0.83431 0.0490107 -1.20477 
-1.11273 -1.07656 -0.640161 -0.269797 0.0159497 0.971583 0.966481 0.0926043 -0.962386 -1.00713 0.361235 -0.83142 0.0300931 -1.20459 
-1.11309 -1.08539 -0.642658 -0.260355 0.0158322 0.981349 0.964925 0.0889527 -0.971465 -1.00568 0.358096 -0.828473 0.0109674 -1.20435 
-1.11336 -1.09433 -0.645136 -0.250826 0.0156841 0.991266 0.9633 0.0851672 -0.980603 -1.00414 0.354966 -0.825467 -0.00836704 -1.20405 
-1.11354 -1.1034 -0.647592 -0.241209 0.0155045 1.00134 0.961601 0.0812537 -0.989799 -1.00248 0.351849 -0.822398 -0.0279083 -1.20369 
-1.11363 -1.11258 -0.650029 -0.231504 0.0152927 1.01157 0.959827 0.0772176 -0.999051 -1.00071 0.348749 -0.81926 -0.0476541 -1.20325 
-1.11364 -1.12189 -0.652445 -0.221711 0.0150476 1.02196 0.957972 0.0730651 -1.00836 -0.998831 0.34567 -0.816048 -0.0676015 -1.20273 
-1.11356 -1.13132 -0.65484 -0.21183 0.0147681 1.03252 0.956034 0.0688024 -1.01771 -0.996829 0.342617 -0.812759 -0.0877476 -1.20212 
-1.11341 -1.14086 -0.657215 -0.201861 0.0144528 1.04325 0.954009 0.0644363 -1.02712 -0.994704 0.339594 -0.809387 -0.108089 -1.20141 
-1.11319 -1.15052 -0.659567 -0.191805 0.0141001 1.05415 0.951891 0.0599733 -1.03657 -0.992455 0.336604 -0.805926 -0.128621 -1.2006 
-1.10777 -1.16769 -0.662234 -0.18566 0.0134194 1.07179 0.952333 0.0637872 -1.04755 -0.996784 0.329602 -0.804993 -0.147348 -1.19529 
-1.10234 -1.18479 -0.664897 -0.17943 0.012664 1.0896 0.952698 0.0676067 -1.05858 -1.00108 0.322584 -0.803958 -0.166134 -1.18989 
-1.09691 -1.2018 -0.667551 -0.173117 0.0118317 1.10758 0.952982 0.0714382 -1.06966 -1.00535 0.315556 -0.802815 -0.184972 -1.1844 
-1.09148 -1.21872 -0.670194 -0.166722 0.0109207 1.12574 0.953178 0.0752875 -1.0808 -1.00957 0.308521 -0.801556 -0.203855 -1.1788 
-1.08604 -1.23553 -0.672821 -0.160248 0.00992889 1.14407 0.953283 0.0791618 -1.09198 -1.01377 0.301485 -0.800173 -0.222773 -1.17309 
-1.08061 -1.25224 -0.675429 -0.153698 0.00885404 1.16258 0.953288 0.0830673 -1.10321 -1.01792 0.294452 -0.798657 -0.24172 -1.16728 
-1.07516 -1.26882 -0.678014 -0.147072 0.00769386 1.18127 0.95319 0.0870115 -1.11448 -1.02203 0.287427 -0.797 -0.260684 -1.16135 
-1.06972 -1.28528 -0.680572 -0.140374 0.00644616 1.20014 0.95298 0.0910014 -1.1258 -1.02611 0.280415 -0.795193 -0.279656 -1.1553 
-1.06428 -1.3016 -0.683093 -0.133604 0.00511092 1.21921 0.952655 0.0950473 -1.13715 -1.03014 0.273417 -0.793236 -0.298627 -1.14912 
-1.05883 -1.31776 -0.685578 -0.126768 0.00368332 1.23846 0.952206 0.0991542 -1.14855 -1.03414 0.266441 -0.79111 -0.317583 -1.14282 
-1.05338 -1.33377 -0.688021 -0.119868 0.00216068 1.25791 0.951625 0.10333 -1.15998 -1.03809 0.259492 -0.788807 -0.336514 -1.13639 
-1.04793 -1.3496 -0.690419 -0.112908 0.000540469 1.27755 0.950906 0.107583 -1.17145 -1.042 0.252576 -0.786316 -0.355407 -1.12983 
-1.04247 -1.36524 -0.692765 -0.105892 -0.0011796 1.29738 0.95004 0.111922 -1.18294 -1.04586 0.245696 -0.78363 -0.374249 -1.12314 
-1.03701 -1.38069 -0.695054 -0.0988224 -0.00300289 1.31741 0.94902 0.116355 -1.19447 -1.04968 0.238858 -0.780735 -0.393027 -1.11633 
-1.03155 -1.39592 -0.697281 -0.091705 -0.00493263 1.33764 0.947838 0.120892 -1.20602 -1.05345 0.232068 -0.777622 -0.411725 -1.10939 
-1.02608 -1.41093 -0.699441 -0.0845437 -0.00697185 1.35807 0.946484 0.12554 -1.21759 -1.05717 0.225329 -0.77428 -0.43033 -1.10232 
-1.02058 -1.42563 -0.701434 -0.0772856 -0.00906977 1.37865 0.944995 0.130357 -1.22916 -1.06088 0.218592 -0.770827 -0.448823 -1.0949 
-1.01508 -1.44007 -0.703347 -0.0699932 -0.0112846 1.39943 0.943317 0.135305 -1.24074 -1.06453 0.211917 -0.767121 -0.467188 -1.08736 
-1.00957 -1.45423 -0.705174 -0.062672 -0.0136205 1.4204 0.941439 0.140393 -1.25234 -1.06814 0.205309 -0.763151 -0.485408 -1.07971 
-1.00404 -1.46811 -0.706908 -0.0553279 -0.0160811 1.44157 0.939351 0.145631 -1.26393 -1.0717 0.198773 -0.758905 -0.503466 -1.07194 
-0.998494 -1.48167 -0.708541 -0.0479659 -0.0186695 1.46292 0.937044 0.15103 -1.27553 -1.07521 0.192311 -0.754373 -0.521344 -1.06407 
-0.992929 -1.49491 -0.710068 -0.0405938 -0.0213913 1.48446 0.934508 0.156598 -1.28712 -1.07867 0.18593 -0.749542 -0.539025 -1.0561 
-0.987342 -1.5078 -0.711483 -0.0332187 -0.0242517 1.50618 0.931731 0.162345 -1.2987 -1.08207 0.179633 -0.744399 -0.556491 -1.04804 
-0.981728 -1.52034 -0.712779 -0.025848 -0.0272552 1.52808 0.928702 0.16828 -1.31027 -1.08543 0.173423 -0.738933 -0.573723 -1.0399 
-0.976072 -1.53248 -0.713921 -0.018478 -0.0303931 1.55014 0.925428 0.174425 -1.3218 -1.08873 0.167294 -0.733159 -0.590703 -1.03164 
-0.970382 -1.54423 -0.714929 -0.0111284 -0.0336854 1.57236 0.921879 0.180778 -1.33331 -1.09198 0.161258 -0.727038 -0.607412 -1.02332 
-0.964654 -1.55557 -0.715797 -0.00380766 -0.0371382 1.59473 0.918044 0.187348 -1.34478 -1.09517 0.155318 -0.720557 -0.623831 -1.01496 
-0.958884 -1.56648 -0.716518 0.00347524 -0.0407581 1.61725 0.913912 0.194145 -1.35621 -1.09831 0.149477 -0.713705 -0.639941 -1.00657 
-0.953064 -1.57694 -0.71708 0.0107122 -0.0445494 1.63991 0.909473 0.20118 -1.36759 -1.10139 0.143733 -0.706475 -0.655725 -0.998165 
-0.947191 -1.58694 -0.717479 0.0178924 -0.048522 1.66269 0.904713 0.208458 -1.37891 -1.1044 0.138088 -0.69885 -0.671165 -0.989762 
-0.941261 -1.59647 -0.717708 0.025006 -0.0526834 1.68559 0.89962 0.215989 -1.39017 -1.10735 0.132544 -0.690822 -0.686243 -0.981383 
-0.935267 -1.60551 -0.71776 0.0320429 -0.0570419 1.70859 0.894182 0.223782 -1.40135 -1.11024 0.127098 -0.682378 -0.700943 -0.973049 
-0.925033 -1.60783 -0.720198 0.0333854 -0.0530979 1.70757 0.897299 0.21951 -1.4037 -1.10414 0.127262 -0.692925 -0.709239 -0.964519 
-0.91478 -1.61012 -0.722611 0.034727 -0.0491849 1.70653 0.900377 0.215247 -1.40606 -1.09803 0.127398 -0.703459 -0.717531 -0.956001 
-0.904508 -1.6124 -0.725001 0.0360679 -0.0453034 1.70549 0.903414 0.210991 -1.40842 -1.09193 0.127506 -0.71398 -0.725817 -0.947495 
-0.894216 -1.61465 -0.727366 0.0374082 -0.0414534 1.70443 0.906411 0.206744 -1.41079 -1.08583 0.127587 -0.724487 -0.734098 -0.938999 
-0.883906 -1.61688 -0.729707 0.0387478 -0.0376353 1.70337 0.909366 0.202507 -1.41316 -1.07972 0.12764 -0.73498 -0.742373 -0.930515 
-0.873577 -1.61908 -0.732024 0.0400869 -0.0338493 1.7023 0.912279 0.198281 -1.41554 -1.07361 0.127666 -0.745456 -0.750643 -0.922041 
-0.86323 -1.62126 -0.734316 0.0414257 -0.0300955 1.70122 0.91515 0.194066 -1.41792 -1.0675 0.127667 -0.755916 -0.758905 -0.913578 
-0.852865 -1.62342 -0.736585 0.0427641 -0.0263742 1.70014 0.917977 0.189864 -1.4203 -1.06138 0.127641 -0.766359 -0.767161 -0.905124 
-0.842481 -1.62556 -0.73883 0.0441024 -0.0226852 1.69906 0.920761 0.185674 -1.4227 -1.05526 0.127591 -0.776783 -0.775409 -0.89668 
-0.83208 -1.62767 -0.741052 0.0454405 -0.0190291 1.69797 0.923501 0.181499 -1.4251 -1.04914 0.127516 -0.787188 -0.78365 -0.888246 
-0.821662 -1.62976 -0.74325 0.0467785 -0.015406 1.69687 0.926196 0.177338 -1.4275 -1.043 0.127416 -0.797573 -0.791883 -0.87982 
-0.811226 -1.63182 -0.745424 0.0481165 -0.0118161 1.69578 0.928845 0.173193 -1.42991 -1.03686 0.127294 -0.807937 -0.800108 -0.871404 
-0.800774 -1.63386 -0.747576 0.0494546 -0.0082595 1.69468 0.93145 0.169064 -1.43233 -1.03071 0.127148 -0.818279 -0.808323 -0.862996 
-0.790306 -1.63588 -0.749705 0.0507929 -0.00473636 1.69359 0.934007 0.164953 -1.43475 -1.02455 0.126981 -0.828598 -0.816529 -0.854597 
-0.779821 -1.63787 -0.751811 0.0521314 -0.00124682 1.6925 0.936519 0.160859 -1.43718 -1.01838 0.126792 -0.838893 -0.824726 -0.846206 
-0.76932 -1.63983 -0.753895 0.0534702 0.002209 1.6914 0.938983 0.156785 -1.43961 -1.0122 0.126582 -0.849163 -0.832911 -0.837822 
-0.758802 -1.64177 -0.755953 0.0548095 0.00563392 1.69032 0.941401 0.15273 -1.44205 -1.00601 0.126352 -0.859408 -0.841088 -0.829444 
-0.748268 -1.64368 -0.757989 0.0561491 0.0090249 1.68923 0.943771 0.148697 -1.4445 -0.999805 0.126104 -0.869627 -0.849253 -0.821074 
-0.73772 -1.64557 -0.760003 0.0574891 0.0123819 1.68815 0.946092 0.144685 -1.44695 -0.993587 0.125837 -0.879819 -0.857406 -0.81271 
-0.727157 -1.64744 -0.761996 0.0588297 0.0157048 1.68708 0.948365 0.140694 -1.44941 -0.987356 0.125552 -0.889981 -0.865546 -0.804354 
-0.71658 -1.64927 -0.763967 0.0601708 0.0189935 1.68601 0.950589 0.136728 -1.45187 -0.98111 0.125249 -0.900114 -0.873673 -0.796005 
-0.70599 -1.65109 -0.765918 0.0615124 0.0222481 1.68495 0.952763 0.132784 -1.45434 -0.974849 0.124931 -0.910216 -0.881786 -0.787663 
-0.695387 -1.65287 -0.767848 0.0628546 0.0254685 1.6839 0.954887 0.128866 -1.45681 -0.968572 0.124597 -0.920286 -0.889884 -0.779328 
-0.68477 -1.65464 -0.769759 0.0641975 0.0286546 1.68287 0.956961 0.124973 -1.45929 -0.962279 0.124248 -0.930323 -0.897967 -0.770999 
-0.674142 -1.65637 -0.771648 0.0655409 0.0318068 1.68184 0.958985 0.121106 -1.46178 -0.955969 0.123885 -0.940327 -0.906034 -0.762676 
-0.663501 -1.65808 -0.773518 0.0668849 0.0349248 1.68083 0.960958 0.117267 -1.46427 -0.949641 0.12351 -0.950297 -0.914084 -0.75436 
-0.65285 -1.65977 -0.77537 0.0682295 0.0380086 1.67983 0.96288 0.113455 -1.46677 -0.943295 0.123123 -0.96023 -0.922117 -0.74605 
-0.642187 -1.66143 -0.777202 0.0695748 0.0410583 1.67884 0.964751 0.109671 -1.46927 -0.93693 0.122724 -0.970127 -0.930131 -0.737747 
-0.631514 -1.66306 -0.779016 0.0709206 0.0440737 1.67787 0.966569 0.105918 -1.47178 -0.930546 0.122315 -0.979986 -0.938126 -0.72945 
-0.620832 -1.66467 -0.780813 0.072267 0.0470552 1.67692 0.968336 0.102194 -1.47429 -0.924142 0.121896 -0.989807 -0.9461 -0.721159 
-0.61014 -1.66625 -0.782592 0.0736139 0.0500026 1.67599 0.970051 0.0985008 -1.47681 -0.917717 0.12147 -0.999588 -0.954054 -0.712874 
-0.59944 -1.6678 -0.784354 0.0749612 0.0529161 1.67507 0.971714 0.0948395 -1.47933 -0.911271 0.121035 -1.00933 -0.961986 -0.704596 
-0.588695 -1.66926 -0.786049 0.0763048 0.0558224 1.67416 0.973349 0.0912264 -1.48183 -0.904784 0.120609 -1.01904 -0.969915 -0.696305 
-0.577942 -1.6707 -0.787729 0.0776487 0.0586949 1.67326 0.974931 0.0876469 -1.48434 -0.898275 0.120178 -1.0287 -0.977819 -0.688022 
-0.567183 -1.6721 -0.789394 0.0789929 0.0615339 1.67239 0.97646 0.084102 -1.48685 -0.891743 0.119741 -1.03832 -0.985696 -0.679745 
-0.556419 -1.67348 -0.791044 0.0803374 0.0643396 1.67155 0.977935 0.0805922 -1.48937 -0.885187 0.119302 -1.0479 -0.993547 -0.671476 
-0.54565 -1.67483 -0.79268 0.0816819 0.067112 1.67072 0.979356 0.0771183 -1.49188 -0.878609 0.118859 -1.05743 -1.00137 -0.663215 
-0.534876 -1.67616 -0.794303 0.0830264 0.0698515 1.66992 0.980723 0.073681 -1.49441 -0.872006 0.118415 -1.06692 -1.00916 -0.654961 
-0.524099 -1.67745 -0.795913 0.0843708 0.0725582 1.66915 0.982036 0.070281 -1.49693 -0.86538 0.117971 -1.07636 -1.01692 -0.646715 
-0.513319 -1.67872 -0.797511 0.085715 0.0752324 1.66841 0.983295 0.0669187 -1.49946 -0.858729 0.117526 -1.08575 -1.02465 -0.638476 
-0.502536 -1.67997 -0.799097 0.0870587 0.0778749 1.66769 0.984499 0.0635955 -1.50199 -0.852052 0.117083 -1.09509 -1.03234 -0.630246 
-0.491752 -1.68118 -0.800672 0.0884019 0.0804853 1.667 0.985649 0.0603114 -1.50452 -0.845351 0.116643 -1.10438 -1.04 -0.622024 
-0.480968 -1.68237 -0.802237 0.0897444 0.0830641 1.66635 0.986745 0.0570671 -1.50706 -0.838624 0.116205 -1.11362 -1.04763 -0.61381 
-0.470184 -1.68353 -0.803793 0.0910862 0.0856115 1.66572 0.987785 0.0538632 -1.5096 -0.831871 0.115772 -1.12282 -1.05521 -0.605606 
-0.459401 -1.68466 -0.80534 0.0924268 0.0881278 1.66512 0.98877 0.0507003 -1.51214 -0.825093 0.115343 -1.13196 -1.06276 -0.59741 
-0.44862 -1.68577 -0.80688 0.0937663 0.0906135 1.66456 0.9897 0.0475789 -1.51468 -0.818288 0.114921 -1.14105 -1.07026 -0.589224 
-0.437842 -1.68685 -0.808413 0.0951044 0.0930689 1.66403 0.990575 0.0444996 -1.51722 -0.811457 0.114505 -1.15008 -1.07773 -0.581048 
-0.427068 -1.68791 -0.809939 0.096441 0.0954943 1.66354 0.991394 0.041463 -1.51977 -0.8046 0.114097 -1.15906 -1.08514 -0.572882 
-0.416292 -1.68892 -0.811451 0.0977744 0.0978942 1.66308 0.992163 0.0384745 -1.52231 -0.797713 0.113702 -1.16799 -1.09252 -0.564725 
-0.405521 -1.68991 -0.812958 0.0991057 0.100265 1.66265 0.992877 0.0355297 -1.52484 -0.790799 0.113315 -1.17687 -1.09985 -0.55658 
-0.394757 -1.69087 -0.814461 0.100435 0.102607 1.66225 0.993534 0.0326292 -1.52738 -0.783858 0.112939 -1.18569 -1.10712 -0.548446 
-0.384001 -1.6918 -0.815962 0.101761 0.104921 1.6619 0.994136 0.0297735 -1.52992 -0.776891 0.112575 -1.19445 -1.11435 -0.540323 
-0.373254 -1.69271 -0.817462 0.103085 0.107207 1.66158 0.994681 0.0269628 -1.53246 -0.769896 0.112223 -1.20316 -1.12152 -0.532212 
-0.362517 -1.6936 -0.81896 0.104406 0.109467 1.6613 0.995169 0.0241976 -1.535 -0.762875 0.111883 -1.21182 -1.12864 -0.524113 
-0.351791 -1.69446 -0.820459 0.105723 0.111699 1.66106 0.9956 0.0214784 -1.53754 -0.755827 0.111557 -1.22041 -1.1357 -0.516027 
-0.341076 -1.69529 -0.82196 0.107037 0.113905 1.66086 0.995975 0.0188054 -1.54008 -0.748753 0.111246 -1.22896 -1.1427 -0.507953 
-0.330374 -1.6961 -0.823461 0.108346 0.116086 1.6607 0.996293 0.0161799 -1.54262 -0.741651 0.110951 -1.23744 -1.14964 -0.499893 
-0.319686 -1.69688 -0.824965 0.109651 0.118242 1.66058 0.996553 0.0136012 -1.54515 -0.734523 0.110671 -1.24587 -1.15652 -0.491847 
-0.309013 -1.69764 -0.826474 0.110952 0.120374 1.6605 0.996756 0.0110698 -1.54769 -0.727368 0.110408 -1.25424 -1.16333 -0.483814 
-0.298356 -1.69838 -0.827988 0.112248 0.122481 1.66046 0.996901 0.00858592 -1.55023 -0.720187 0.110162 -1.26256 -1.17008 -0.475796 
-0.287717 -1.69909 -0.829509 0.113539 0.124565 1.66046 0.996988 0.00614963 -1.55276 -0.71298 0.109934 -1.27082 -1.17675 -0.467793 
-0.277097 -1.69978 -0.831037 0.114824 0.126627 1.6605 0.997017 0.00376132 -1.55529 -0.705747 0.109724 -1.27902 -1.18336 -0.459804 
-0.266496 -1.70045 -0.832573 0.116104 0.128667 1.66058 0.996986 0.00142105 -1.55782 -0.698488 0.109533 -1.28717 -1.18989 -0.45183 
-0.255916 -1.70109 -0.834119 0.117377 0.130685 1.66071 0.996897 -0.000870999 -1.56035 -0.691204 0.109362 -1.29526 -1.19634 -0.443872 
-0.244863 -1.7006 -0.834908 0.118365 0.1329 1.66051 0.997388 -0.00262599 -1.56186 -0.683718 0.109344 -1.30307 -1.2027 -0.436457 
-0.233848 -1.70007 -0.835721 0.119345 0.135102 1.66035 0.99781 -0.00432315 -1.56336 -0.676206 0.109346 -1.31084 -1.20895 -0.429071 
-0.222872 -1.69952 -0.836559 0.120319 0.137291 1.66023 0.998163 -0.00596278 -1.56485 -0.66867 0.109367 -1.31856 -1.21508 -0.421715 
-0.211937 -1.69894 -0.837425 0.121284 0.13947 1.66016 0.998445 -0.00754492 -1.56635 -0.661108 0.109407 -1.32624 -1.22108 -0.414389 
-0.201044 -1.69834 -0.838317 0.122241 0.141637 1.66013 0.998658 -0.00907033 -1.56784 -0.653523 0.109468 -1.33387 -1.22697 -0.407091 
-0.190193 -1.69771 -0.839238 0.12319 0.143795 1.66014 0.998801 -0.0105389 -1.56933 -0.645913 0.109549 -1.34147 -1.23274 -0.399822 
-0.179387 -1.69705 -0.840188 0.12413 0.145943 1.6602 0.998872 -0.0119511 -1.57081 -0.63828 0.109651 -1.34903 -1.23838 -0.392581 
-0.168627 -1.69637 -0.841169 0.125061 0.148084 1.6603 0.998871 -0.0133075 -1.5723 -0.630624 0.109774 -1.35654 -1.24389 -0.385368 
-0.157911 -1.69567 -0.84218 0.125983 0.150218 1.66044 0.998801 -0.0146068 -1.57378 -0.622945 0.109917 -1.36402 -1.24927 -0.378184 
-0.147243 -1.69495 -0.843223 0.126894 0.152345 1.66063 0.998658 -0.0158511 -1.57526 -0.615243 0.110082 -1.37146 -1.25452 -0.371027 
-0.136623 -1.69421 -0.844299 0.127796 0.154467 1.66086 0.998442 -0.0170407 -1.57673 -0.60752 0.110268 -1.37886 -1.25964 -0.363896 
-0.126054 -1.69345 -0.845411 0.128687 0.156584 1.66112 0.998153 -0.018176 -1.57821 -0.599776 0.110474 -1.38623 -1.26462 -0.356792 
-0.115535 -1.69268 -0.846557 0.129567 0.158697 1.66144 0.99779 -0.0192578 -1.57969 -0.592011 0.110702 -1.39357 -1.26946 -0.349713 
-0.105068 -1.69189 -0.847739 0.130437 0.160807 1.66179 0.997353 -0.0202863 -1.58116 -0.584226 0.11095 -1.40087 -1.27417 -0.342659 
-0.094654 -1.69108 -0.848959 0.131295 0.162914 1.66218 0.996841 -0.0212623 -1.58264 -0.576422 0.11122 -1.40814 -1.27873 -0.335629 
-0.084294 -1.69027 -0.850216 0.132142 0.165019 1.66261 0.996253 -0.0221862 -1.58411 -0.568599 0.11151 -1.41538 -1.28315 -0.328623 
-0.0739753 -1.68941 -0.851496 0.132974 0.167129 1.66308 0.995608 -0.0230455 -1.58557 -0.560749 0.111822 -1.42259 -1.28742 -0.32165 
-0.0637128 -1.68855 -0.852816 0.133794 0.169239 1.66358 0.994886 -0.0238539 -1.58702 -0.55288 0.112154 -1.42978 -1.29154 -0.314699 
-0.0535075 -1.68767 -0.854177 0.134602 0.171349 1.66412 0.994087 -0.0246119 -1.58848 -0.544994 0.112506 -1.43694 -1.2955 -0.307769 
-0.0433602 -1.68679 -0.855578 0.135397 0.17346 1.6647 0.993209 -0.02532 -1.58993 -0.537091 0.112878 -1.44408 -1.29932 -0.30086 
-0.0332717 -1.68591 -0.857022 0.136179 0.175574 1.66531 0.992253 -0.025979 -1.59139 -0.529172 0.113268 -1.45119 -1.30298 -0.293971 
-0.0232431 -1.68501 -0.858508 0.136947 0.17769 1.66596 0.991217 -0.0265894 -1.59286 -0.521237 0.113678 -1.45829 -1.30649 -0.2871 
-0.0132751 -1.68412 -0.860038 0.137703 0.179809 1.66665 0.990101 -0.0271521 -1.59433 -0.513287 0.114105 -1.46536 -1.30985 -0.280247 
-0.00336878 -1.68322 -0.861612 0.138444 0.181931 1.66737 0.988904 -0.0276675 -1.5958 -0.505322 0.11455 -1.47243 -1.31304 -0.273411 
0.00647696 -1.68231 -0.863229 0.139171 0.184059 1.66812 0.987628 -0.0281348 -1.59727 -0.497341 0.115013 -1.47948 -1.31607 -0.266591 
0.0162594 -1.68141 -0.864891 0.139884 0.186192 1.6689 0.98627 -0.0285564 -1.59875 -0.489347 0.115492 -1.48651 -1.31894 -0.259786 
0.0259779 -1.68051 -0.866599 0.140583 0.188331 1.66972 0.984828 -0.0289328 -1.60024 -0.481339 0.115987 -1.49354 -1.32164 -0.252994 
0.0356315 -1.67961 -0.868354 0.141267 0.190476 1.67056 0.983301 -0.0292647 -1.60173 -0.473319 0.116498 -1.50056 -1.32418 -0.246214 
0.0452196 -1.67871 -0.870156 0.141936 0.192627 1.67144 0.98169 -0.0295528 -1.60323 -0.465286 0.117023 -1.50758 -1.32655 -0.239445 
0.0547414 -1.67781 -0.872006 0.142591 0.194786 1.67234 0.979993 -0.0297979 -1.60474 -0.457241 0.117562 -1.51459 -1.32875 -0.232684 
0.064196 -1.67692 -0.873904 0.14323 0.196953 1.67326 0.97821 -0.0300007 -1.60626 -0.449184 0.118115 -1.52161 -1.33077 -0.225932 
0.0735827 -1.67604 -0.875851 0.143855 0.199128 1.67421 0.976338 -0.0301619 -1.60778 -0.441117 0.11868 -1.52863 -1.33262 -0.219185 
0.0830287 -1.67491 -0.877717 0.144419 0.201359 1.67509 0.97459 -0.030145 -1.609 -0.432952 0.119246 -1.53563 -1.3341 -0.212607 
0.0924028 -1.6738 -0.879635 0.144967 0.203601 1.67598 0.972751 -0.0300873 -1.61024 -0.424777 0.119822 -1.54264 -1.3354 -0.206031 
0.101704 -1.67269 -0.881605 0.1455 0.205856 1.67689 0.970818 -0.0299893 -1.61148 -0.416592 0.120408 -1.54967 -1.33651 -0.199457 
0.110932 -1.67159 -0.883629 0.146018 0.208123 1.67782 0.968791 -0.029852 -1.61274 -0.408398 0.121004 -1.55671 -1.33743 -0.192883 
0.120086 -1.67051 -0.885706 0.146519 0.210403 1.67877 0.966668 -0.0296754 -1.61401 -0.400194 0.121607 -1.56378 -1.33816 -0.186307 
0.129166 -1.66944 -0.887838 0.147006 0.212696 1.67974 0.964448 -0.029461 -1.6153 -0.391983 0.122218 -1.57087 -1.33869 -0.179726 
0.13817 -1.66838 -0.890023 0.147477 0.215003 1.68072 0.962131 -0.0292092 -1.6166 -0.383763 0.122835 -1.57799 -1.33904 -0.173139 
0.147098 -1.66734 -0.892264 0.147932 0.217324 1.68171 0.959713 -0.0289207 -1.61791 -0.375535 0.123458 -1.58515 -1.33919 -0.166544 
0.155952 -1.66632 -0.894558 0.148371 0.21966 1.68271 0.957198 -0.0285942 -1.61924 -0.367299 0.124084 -1.59234 -1.33913 -0.159941 
0.164729 -1.66531 -0.896908 0.148795 0.222012 1.68371 0.95458 -0.0282325 -1.62059 -0.359055 0.124715 -1.59957 -1.33888 -0.153325 
0.173427 -1.66432 -0.899314 0.149203 0.224379 1.68473 0.951858 -0.0278361 -1.62196 -0.350804 0.125347 -1.60684 -1.33842 -0.146693 
0.182047 -1.66336 -0.901777 0.149597 0.226762 1.68574 0.94903 -0.0274058 -1.62335 -0.342546 0.125982 -1.61417 -1.33776 -0.140043 
0.190588 -1.66241 -0.904297 0.149975 0.229162 1.68677 0.946095 -0.026942 -1.62475 -0.334282 0.126617 -1.62154 -1.33689 -0.133374 
0.199048 -1.66149 -0.906875 0.150337 0.231578 1.68779 0.94305 -0.0264455 -1.62618 -0.326011 0.127252 -1.62898 -1.33581 -0.126681 
0.207427 -1.66059 -0.90951 0.150686 0.234012 1.6888 0.939894 -0.0259169 -1.62764 -0.317734 0.127885 -1.63647 -1.33452 -0.119962 
0.215725 -1.65971 -0.912205 0.151019 0.236463 1.68982 0.936625 -0.025357 -1.62912 -0.309452 0.128517 -1.64404 -1.33302 -0.113215 
0.223962 -1.65882 -0.914942 0.15133 0.238941 1.69081 0.933276 -0.0247459 -1.63056 -0.301145 0.129142 -1.65167 -1.33125 -0.106463 
0.232115 -1.65795 -0.91774 0.151628 0.241437 1.69179 0.929808 -0.0241047 -1.63203 -0.292832 0.129762 -1.65939 -1.32926 -0.0996767 
0.240184 -1.65711 -0.920598 0.151911 0.243953 1.69276 0.926221 -0.0234337 -1.63352 -0.284513 0.130378 -1.66719 -1.32705 -0.0928517 
0.248168 -1.6563 -0.923518 0.15218 0.246489 1.69372 0.92251 -0.0227337 -1.63505 -0.276189 0.130987 -1.67508 -1.32462 -0.0859849 
0.256065 -1.65552 -0.926498 0.152436 0.249046 1.69467 0.918674 -0.022005 -1.63661 -0.267859 0.13159 -1.68306 -1.32195 -0.0790731 
0.263876 -1.65478 -0.929541 0.152679 0.251624 1.69559 0.91471 -0.0212485 -1.63819 -0.259523 0.132186 -1.69115 -1.31905 -0.0721123 
0.271598 -1.65406 -0.932647 0.152908 0.254223 1.69649 0.910615 -0.0204646 -1.63981 -0.25118 0.132772 -1.69935 -1.31592 -0.0650985 
0.279231 -1.65338 -0.935817 0.153126 0.256844 1.69737 0.906386 -0.019654 -1.64147 -0.242832 0.13335 -1.70766 -1.31254 -0.0580279 
0.286777 -1.65273 -0.939048 0.15333 0.25949 1.69822 0.902025 -0.0188143 -1.64315 -0.234474 0.133917 -1.7161 -1.30892 -0.0509001 
0.294231 -1.65211 -0.942345 0.153522 0.262159 1.69904 0.897524 -0.0179491 -1.64487 -0.22611 0.134474 -1.72466 -1.30505 -0.0437069 
0.301593 -1.65153 -0.945708 0.153703 0.264852 1.69983 0.892878 -0.0170587 -1.64663 -0.217739 0.135019 -1.73337 -1.30094 -0.0364437 
0.308861 -1.651 -0.949138 0.153873 0.26757 1.70058 0.888084 -0.016144 -1.64842 -0.209362 0.135553 -1.74222 -1.29657 -0.0291058 
0.316034 -1.6505 -0.952635 0.154032 0.270314 1.7013 0.883139 -0.015205 -1.65026 -0.200976 0.136074 -1.75122 -1.29195 -0.0216889 
0.323111 -1.65004 -0.956201 0.154182 0.273084 1.70197 0.878038 -0.0142429 -1.65215 -0.192583 0.136583 -1.76039 -1.28707 -0.0141872 
0.330089 -1.64963 -0.959836 0.154322 0.275881 1.7026 0.872777 -0.013258 -1.65407 -0.184181 0.137079 -1.76973 -1.28192 -0.00659543 
0.336967 -1.64927 -0.963542 0.154452 0.278707 1.70318 0.86735 -0.0122513 -1.65605 -0.175771 0.137562 -1.77925 -1.27651 0.00109204 
0.342344 -1.62701 -0.954132 0.163726 0.283801 1.67628 0.859542 0.00789139 -1.64199 -0.178925 0.138358 -1.81764 -1.27246 -0.00065887 
0.347388 -1.60493 -0.944927 0.172774 0.288876 1.64954 0.851359 0.0280874 -1.62794 -0.182154 0.139372 -1.85567 -1.26756 -0.0020637 
0.352098 -1.58303 -0.935921 0.18159 0.293938 1.62294 0.842801 0.0483335 -1.61389 -0.185463 0.140608 -1.89336 -1.26183 -0.00308677 
0.356471 -1.56132 -0.927106 0.190171 0.298994 1.59647 0.833862 0.0686265 -1.59981 -0.188856 0.142069 -1.93071 -1.2553 -0.00369314 
0.36051 -1.5398 -0.918474 0.198511 0.304051 1.57012 0.824545 0.0889678 -1.5857 -0.192336 0.143754 -1.96774 -1.24799 -0.0038446 
0.364206 -1.51848 -0.910023 0.206609 0.309112 1.54389 0.814836 0.109352 -1.57153 -0.195911 0.145669 -2.00445 -1.23991 -0.00350806 
0.367558 -1.49736 -0.901748 0.214461 0.314182 1.51775 0.804726 0.129779 -1.5573 -0.199586 0.147816 -2.04088 -1.23108 -0.00264698 
0.37056 -1.47646 -0.893644 0.222064 0.319268 1.49171 0.794205 0.150248 -1.54299 -0.203367 0.1502 -2.07702 -1.22154 -0.00122394 
0.373263 -1.45574 -0.885685 0.229397 0.3244 1.46573 0.783324 0.170788 -1.52852 -0.207212 0.152791 -2.1129 -1.21121 0.000812905 
0.375605 -1.43523 -0.877887 0.236475 0.329558 1.43981 0.772005 0.191374 -1.51394 -0.211173 0.155625 -2.14855 -1.20019 0.00349209 
0.37758 -1.41496 -0.870244 0.243297 0.33475 1.41396 0.760233 0.212009 -1.49923 -0.215257 0.158705 -2.18397 -1.1885 0.00685533 
0.379178 -1.39492 -0.862752 0.24986 0.339981 1.38817 0.747989 0.232696 -1.48438 -0.219471 0.162036 -2.21921 -1.17615 0.0109465 
0.380399 -1.37511 -0.855403 0.256161 0.345261 1.36241 0.735263 0.253444 -1.46936 -0.223816 0.16562 -2.25428 -1.16316 0.0158131 
0.381222 -1.35554 -0.848191 0.262202 0.350594 1.3367 0.722022 0.274257 -1.45415 -0.228308 0.169465 -2.28921 -1.14954 0.0215022 
0.381636 -1.33623 -0.841111 0.26798 0.355987 1.31102 0.708245 0.295142 -1.43873 -0.232957 0.173578 -2.32403 -1.13532 0.0280644 
0.381626 -1.31716 -0.834153 0.273496 0.361447 1.28538 0.693903 0.316111 -1.42308 -0.237776 0.177967 -2.35877 -1.12053 0.0355531 
0.382083 -1.29735 -0.827105 0.278547 0.367271 1.25941 0.679737 0.337638 -1.40588 -0.242133 0.182634 -2.39339 -1.10403 0.0442259 
0.382081 -1.2778 -0.820159 0.28332 0.373165 1.23346 0.664922 0.359272 -1.38838 -0.246695 0.187604 -2.428 -1.087 0.0539691 
0.381599 -1.25852 -0.813302 0.287814 0.379134 1.20753 0.649422 0.38103 -1.37054 -0.251478 0.192889 -2.46262 -1.06947 0.0648464 
0.380612 -1.23951 -0.806523 0.292031 0.385182 1.18163 0.633197 0.402928 -1.35233 -0.256501 0.198502 -2.49729 -1.05147 0.0769232 
0.379112 -1.22075 -0.799803 0.295969 0.391318 1.15575 0.616218 0.424998 -1.33369 -0.261773 0.204457 -2.53203 -1.03303 0.0902759 
0.377052 -1.20226 -0.79313 0.299632 0.397539 1.12993 0.598426 0.447254 -1.31459 -0.26733 0.210768 -2.56689 -1.01421 0.104965 
0.374404 -1.18404 -0.786486 0.303019 0.403847 1.10418 0.579777 0.469723 -1.29499 -0.273192 0.217453 -2.60188 -0.995053 0.121063 
0.371135 -1.1661 -0.779851 0.306133 0.410239 1.07853 0.560218 0.492434 -1.27484 -0.279385 0.224528 -2.63702 -0.975621 0.138636 
0.3694 -1.1571 -0.776514 0.307565 0.413505 1.06567 0.550168 0.503947 -1.26435 -0.282493 0.228256 -2.65465 -0.965626 0.148051 
0.367495 -1.14817 -0.773171 0.308929 0.416791 1.05285 0.539867 0.515533 -1.25371 -0.285692 0.23209 -2.67233 -0.955587 0.157865 
0.365417 -1.13931 -0.769819 0.310223 0.420094 1.04008 0.529311 0.527197 -1.2429 -0.288986 0.23603 -2.69005 -0.945514 0.168085 
0.36316 -1.13052 -0.766457 0.311448 0.423414 1.02734 0.518491 0.538943 -1.23192 -0.292377 0.240079 -2.70781 -0.935418 0.17872 
0.360721 -1.1218 -0.76308 0.312604 0.426751 1.01467 0.507402 0.550777 -1.22075 -0.295865 0.244238 -2.72561 -0.925308 0.189779 
0.358094 -1.11316 -0.759686 0.31369 0.430102 1.00205 0.496037 0.562704 -1.20939 -0.299453 0.24851 -2.74344 -0.915196 0.201266 
0.355276 -1.1046 -0.756272 0.314706 0.433465 0.989493 0.48439 0.574727 -1.19783 -0.303142 0.252895 -2.76132 -0.905092 0.213189 
0.352261 -1.09612 -0.752836 0.315652 0.43684 0.977011 0.472452 0.586853 -1.18607 -0.306933 0.257396 -2.77922 -0.895009 0.225554 
0.349097 -1.08771 -0.749384 0.316514 0.440258 0.96451 0.460221 0.599092 -1.17405 -0.310768 0.262052 -2.7972 -0.884771 0.238404 
0.345724 -1.07938 -0.745903 0.317305 0.443684 0.952099 0.447684 0.611445 -1.16182 -0.314708 0.266826 -2.81521 -0.874578 0.251714 
0.34214 -1.07114 -0.74239 0.318025 0.447115 0.939785 0.434834 0.623917 -1.14935 -0.318751 0.271721 -2.83324 -0.864442 0.265486 
0.338338 -1.06299 -0.738843 0.318671 0.450548 0.927577 0.421667 0.636515 -1.13665 -0.322896 0.276736 -2.85127 -0.854377 0.279725 
0.334345 -1.05495 -0.735273 0.319233 0.45402 0.915371 0.408153 0.649241 -1.12369 -0.327102 0.281913 -2.86939 -0.844193 0.294485 
0.330123 -1.04701 -0.731661 0.319721 0.45749 0.903291 0.394305 0.662105 -1.11048 -0.331408 0.287212 -2.88751 -0.834107 0.309725 
0.325692 -1.03921 -0.728021 0.320125 0.460996 0.891228 0.380087 0.675111 -1.097 -0.335779 0.292679 -2.9057 -0.823923 0.325508 
0.305935 -1.03039 -0.727934 0.319778 0.458636 0.883846 0.34995 0.702649 -1.077 -0.337511 0.296043 -2.92456 -0.816651 0.358031 

