-0.727832 4.47385 -2.02057 -28.5524 -22.7051 19.6318 
-0.738271 4.4668 -2.00362 -28.513 -22.6683 19.6243 
-0.748711 4.45974 -1.98667 -28.4737 -22.6315 19.6168 
-0.75915 4.45269 -1.96972 -28.4343 -22.5946 19.6093 
-0.769589 4.44564 -1.95277 -28.395 -22.5578 19.6018 
-0.780029 4.43858 -1.93582 -28.3556 -22.521 19.5943 
-0.790468 4.43153 -1.91887 -28.3162 -22.4842 19.5868 
-0.800907 4.42447 -1.90192 -28.2769 -22.4473 19.5793 
-0.811347 4.41742 -1.88497 -28.2375 -22.4105 19.5718 
-0.821786 4.41037 -1.86802 -28.1982 -22.3737 19.5643 
-0.832225 4.40331 -1.85107 -28.1588 -22.3369 19.5568 
-0.842665 4.39626 -1.83412 -28.1195 -22.3 19.5493 
-0.853104 4.38921 -1.81717 -28.0801 -22.2632 19.5418 
-0.863543 4.38215 -1.80022 -28.0407 -22.2264 19.5343 
-0.873983 4.3751 -1.78327 -28.0014 -22.1896 19.5268 
-0.884422 4.36804 -1.76632 -27.962 -22.1528 19.5193 
-0.894861 4.36099 -1.74937 -27.9227 -22.1159 19.5118 
-0.905301 4.35394 -1.73242 -27.8833 -22.0791 19.5043 
-0.91574 4.34688 -1.71547 -27.8439 -22.0423 19.4968 
-0.926179 4.33983 -1.69852 -27.8046 -22.0055 19.4893 
-0.936619 4.33278 -1.68157 -27.7652 -21.9686 19.4818 
-0.947058 4.32572 -1.66462 -27.7259 -21.9318 19.4743 
-0.957497 4.31867 -1.64767 -27.6865 -21.895 19.4668 
-0.967937 4.31161 -1.63072 -27.6472 -21.8582 19.4593 
-0.978376 4.30456 -1.61377 -27.6078 -21.8213 19.4518 
-0.988815 4.29751 -1.59682 -27.5684 -21.7845 19.4443 
-0.999255 4.29045 -1.57987 -27.5291 -21.7477 19.4368 
-1.00969 4.2834 -1.56292 -27.4897 -21.7109 19.4293 
-1.02013 4.27635 -1.54597 -27.4504 -21.6741 19.4218 
-1.03057 4.26929 -1.52902 -27.411 -21.6372 19.4143 
-1.04101 4.26224 -1.51207 -27.3716 -21.6004 19.4068 
-1.05145 4.25519 -1.49512 -27.3323 -21.5636 19.3993 
-1.06189 4.24813 -1.47817 -27.2929 -21.5268 19.3918 
-1.07233 4.24108 -1.46122 -27.2536 -21.4899 19.3843 
-1.08277 4.23402 -1.44427 -27.2142 -21.4531 19.3768 
-1.09321 4.22697 -1.42732 -27.1748 -21.4163 19.3693 
-1.10365 4.21992 -1.41037 -27.1355 -21.3795 19.3618 
-1.11409 4.21286 -1.39342 -27.0961 -21.3426 19.3543 
-1.12453 4.20581 -1.37647 -27.0568 -21.3058 19.3468 
-1.13497 4.19876 -1.35952 -27.0174 -21.269 19.3393 
-1.14541 4.1917 -1.34257 -26.9781 -21.2322 19.3318 
-1.15584 4.18465 -1.32562 -26.9387 -21.1954 19.3243 
-1.16628 4.17759 -1.30867 -26.8993 -21.1585 19.3168 
-1.17672 4.17054 -1.29172 -26.86 -21.1217 19.3093 
-1.18716 4.16349 -1.27477 -26.8206 -21.0849 19.3018 
-1.1976 4.15643 -1.25782 -26.7813 -21.0481 19.2943 
-1.20804 4.14938 -1.24087 -26.7419 -21.0112 19.2868 
-1.21848 4.14233 -1.22392 -26.7025 -20.9744 19.2793 
-1.22892 4.13527 -1.20697 -26.6632 -20.9376 19.2718 
-1.23936 4.12822 -1.19002 -26.6238 -20.9008 19.2643 
-1.2498 4.12116 -1.17307 -26.5845 -20.8639 19.2568 
-1.26024 4.11411 -1.15612 -26.5451 -20.8271 19.2493 
-1.27068 4.10706 -1.13917 -26.5057 -20.7903 19.2418 
-1.28112 4.1 -1.12222 -26.4664 -20.7535 19.2343 
-1.29156 4.09295 -1.10527 -26.427 -20.7166 19.2268 
-1.302 4.0859 -1.08832 -26.3877 -20.6798 19.2193 
-1.31243 4.07884 -1.07137 -26.3483 -20.643 19.2118 
-1.32287 4.07179 -1.05442 -26.309 -20.6062 19.2043 
-1.33331 4.06474 -1.03747 -26.2696 -20.5694 19.1968 
-1.34375 4.05768 -1.02052 -26.2302 -20.5325 19.1893 
-1.35419 4.05063 -1.00357 -26.1909 -20.4957 19.1818 
-1.36463 4.04357 -0.986615 -26.1515 -20.4589 19.1743 
-1.37507 4.03652 -0.969665 -26.1122 -20.4221 19.1668 
-1.38551 4.02947 -0.952715 -26.0728 -20.3852 19.1593 
-1.39595 4.02241 -0.935765 -26.0334 -20.3484 19.1518 
-1.40639 4.01536 -0.918815 -25.9941 -20.3116 19.1443 
-1.41683 4.00831 -0.901865 -25.9547 -20.2748 19.1368 
-1.42727 4.00125 -0.884915 -25.9154 -20.2379 19.1293 
-1.43771 3.9942 -0.867965 -25.876 -20.2011 19.1218 
-1.44815 3.98714 -0.851014 -25.8367 -20.1643 19.1143 
-1.45859 3.98009 -0.834064 -25.7973 -20.1275 19.1068 
-1.46903 3.97304 -0.817114 -25.7579 -20.0907 19.0993 
-1.47946 3.96598 -0.800164 -25.7186 -20.0538 19.0918 
-1.4899 3.95893 -0.783214 -25.6792 -20.017 19.0843 
-1.50034 3.95188 -0.766264 -25.6399 -19.9802 19.0768 
-1.51078 3.94482 -0.749314 -25.6005 -19.9434 19.0693 
-1.52122 3.93777 -0.732364 -25.5611 -19.9065 19.0618 
-1.53166 3.93071 -0.715414 -25.5218 -19.8697 19.0543 
-1.5421 3.92366 -0.698464 -25.4824 -19.8329 19.0468 
-1.55254 3.91661 -0.681514 -25.4431 -19.7961 19.0393 
-1.56298 3.90955 -0.664564 -25.4037 -19.7592 19.0318 
-1.57342 3.9025 -0.647613 -25.3643 -19.7224 19.0243 
-1.58386 3.89545 -0.630663 -25.325 -19.6856 19.0168 
-1.5943 3.88839 -0.613713 -25.2856 -19.6488 19.0093 
-1.60474 3.88134 -0.596763 -25.2463 -19.612 19.0018 
-1.61518 3.87429 -0.579813 -25.2069 -19.5751 18.9943 
-1.62562 3.86723 -0.562863 -25.1676 -19.5383 18.9868 
-1.63605 3.86018 -0.545913 -25.1282 -19.5015 18.9793 
-1.64649 3.85312 -0.528963 -25.0888 -19.4647 18.9718 
-1.65693 3.84607 -0.512013 -25.0495 -19.4278 18.9643 
-1.66737 3.83902 -0.495063 -25.0101 -19.391 18.9568 
-1.67781 3.83196 -0.478113 -24.9708 -19.3542 18.9493 
-1.68825 3.82491 -0.461163 -24.9314 -19.3174 18.9418 
-1.69869 3.81786 -0.444213 -24.892 -19.2805 18.9343 
-1.70913 3.8108 -0.427262 -24.8527 -19.2437 18.9268 
-1.71957 3.80375 -0.410312 -24.8133 -19.2069 18.9193 
-1.73001 3.79669 -0.393362 -24.774 -19.1701 18.9118 
-1.74045 3.78964 -0.376412 -24.7346 -19.1333 18.9043 
-1.75089 3.78259 -0.359462 -24.6952 -19.0964 18.8968 
-1.76133 3.77553 -0.342512 -24.6559 -19.0596 18.8893 
-1.77177 3.76848 -0.325562 -24.6165 -19.0228 18.8818 
-1.78221 3.76143 -0.308612 -24.5772 -18.986 18.8743 
-1.79264 3.75437 -0.291662 -24.5378 -18.9491 18.8668 
-1.80308 3.74732 -0.274712 -24.4985 -18.9123 18.8593 
-1.81352 3.74027 -0.257762 -24.4591 -18.8755 18.8518 
-1.82396 3.73321 -0.240812 -24.4197 -18.8387 18.8443 
-1.8344 3.72616 -0.223861 -24.3804 -18.8018 18.8368 
-1.84484 3.7191 -0.206911 -24.341 -18.765 18.8293 
-1.85528 3.71205 -0.189961 -24.3017 -18.7282 18.8219 
-1.86572 3.705 -0.173011 -24.2623 -18.6914 18.8144 
-1.87616 3.69794 -0.156061 -24.2229 -18.6546 18.8069 
-1.8866 3.69089 -0.139111 -24.1836 -18.6177 18.7994 
-1.89704 3.68384 -0.122161 -24.1442 -18.5809 18.7919 
-1.90748 3.67678 -0.105211 -24.1049 -18.5441 18.7844 
-1.91792 3.66973 -0.0882608 -24.0655 -18.5073 18.7769 
-1.92836 3.66267 -0.0713108 -24.0262 -18.4704 18.7694 
-1.9388 3.65562 -0.0543607 -23.9868 -18.4336 18.7619 
-1.94923 3.64857 -0.0374106 -23.9474 -18.3968 18.7544 
-1.95967 3.64151 -0.0204605 -23.9081 -18.36 18.7469 
-1.97011 3.63446 -0.00351044 -23.8687 -18.3231 18.7394 
-1.98055 3.62741 0.0134396 -23.8294 -18.2863 18.7319 
-1.99099 3.62035 0.0303897 -23.79 -18.2495 18.7244 
-2.00143 3.6133 0.0473398 -23.7506 -18.2127 18.7169 
-2.01187 3.60624 0.0642899 -23.7113 -18.1759 18.7094 
-2.02231 3.59919 0.08124 -23.6719 -18.139 18.7019 
-2.03275 3.59214 0.09819 -23.6326 -18.1022 18.6944 
-2.04319 3.58508 0.11514 -23.5932 -18.0654 18.6869 
-2.05363 3.57803 0.13209 -23.5538 -18.0286 18.6794 
-2.06407 3.57098 0.14904 -23.5145 -17.9917 18.6719 
