19
-0.228674 -5.79388 0.376973 -12.1839 0.804729 7.27214 -0.350352 -1.5366 2.87881 -0.453977 -1.50315 1.44179 -0.604059 -0.429175 -1.34472 1.10585 -0.78678 2.76589 -0.860165 -1.67489 
-0.159469 -5.86575 0.35458 -12.0822 0.972416 6.91947 -0.325753 -1.58641 2.85743 -0.507502 -1.5184 1.37125 -0.55891 -0.333541 -1.29077 1.27268 -0.829468 2.81869 -0.690066 -1.74123 
-0.0903534 -5.93754 0.332215 -11.9807 1.13989 6.56725 -0.272515 -1.63201 2.8753 -0.603509 -1.55048 1.33173 -0.491214 -0.196156 -1.23145 1.46312 -0.854576 2.86672 -0.48987 -1.81319 
-0.0213888 -6.00916 0.3099 -11.8794 1.30699 6.2158 -0.179052 -1.66718 2.93868 -0.7494 -1.61221 1.34472 -0.409298 -0.0139618 -1.16445 1.66011 -0.856761 2.89264 -0.231899 -1.88802 
-0.0125479 -5.91894 0.352365 -11.655 1.21834 6.29852 -0.238782 -1.62464 2.92715 -0.768461 -1.57962 1.29634 -0.386778 -0.0367929 -1.11682 1.60253 -0.847491 2.87101 -0.244705 -1.77017 
-0.00270095 -5.81846 0.399663 -11.4051 1.11959 6.39065 -0.306435 -1.57769 2.91286 -0.789754 -1.53906 1.24328 -0.356949 -0.0608353 -1.06563 1.54339 -0.836967 2.84984 -0.263652 -1.63712 
0.00714295 -5.718 0.446946 -11.1552 1.02087 6.48276 -0.375193 -1.53174 2.89604 -0.810932 -1.4942 1.19081 -0.321331 -0.0836166 -1.01727 1.49116 -0.826411 2.83238 -0.287803 -1.50252 
0.0169876 -5.61754 0.494232 -10.9053 0.922152 6.57487 -0.444948 -1.48758 2.87555 -0.831717 -1.44545 1.13885 -0.279022 -0.105503 -0.972539 1.4475 -0.815951 2.81925 -0.317282 -1.36699 
0.026838 -5.51702 0.541546 -10.6553 0.823372 6.66703 -0.515523 -1.44629 2.85031 -0.851674 -1.39342 1.08769 -0.229239 -0.126915 -0.932036 1.41383 -0.805672 2.81088 -0.351935 -1.23159 
0.0367001 -5.41638 0.588916 -10.405 0.724474 6.75931 -0.586705 -1.40903 2.81954 -0.870188 -1.33895 1.03792 -0.171566 -0.148224 -0.896048 1.39111 -0.795663 2.80743 -0.391256 -1.09776 
0.129592 -5.4105 0.548332 -10.2073 0.712279 6.64718 -0.630783 -1.32308 2.84159 -0.92601 -1.29197 1.06397 -0.168997 -0.103119 -0.825917 1.34577 -0.872278 2.78369 -0.211401 -1.00209 
0.224243 -5.40452 0.506978 -10.006 0.699853 6.53292 -0.677539 -1.23876 2.86461 -0.95585 -1.23885 1.11142 -0.200196 -0.0651462 -0.745847 1.27735 -0.95942 2.74709 -0.0392388 -0.938671 
0.32039 -5.39843 0.464972 -9.80143 0.687231 6.41687 -0.723316 -1.16496 2.88771 -0.96934 -1.18174 1.17263 -0.248282 -0.0264835 -0.65434 1.21067 -1.05453 2.71002 0.131887 -0.910924 
0.417627 -5.39228 0.42249 -9.59457 0.674465 6.29949 -0.765942 -1.1037 2.90924 -0.974955 -1.12123 1.24266 -0.296615 0.0152709 -0.556381 1.15874 -1.15344 2.67958 0.303948 -0.908141 
0.515649 -5.38608 0.379663 -9.38603 0.661597 6.18117 -0.804401 -1.05335 2.92781 -0.977296 -1.05777 1.31821 -0.336158 0.0592089 -0.457618 1.1236 -1.25215 2.65718 0.474735 -0.917981 
0.614295 -5.37985 0.336565 -9.17617 0.648646 6.06209 -0.838315 -1.01171 2.94275 -0.978069 -0.991911 1.39676 -0.36413 0.103435 -0.361773 1.10246 -1.34828 2.64152 0.64127 -0.931704 
0.713505 -5.37357 0.29322 -8.96511 0.635622 5.94234 -0.867529 -0.977213 2.95391 -0.977501 -0.924194 1.47624 -0.380882 0.146032 -0.270672 1.09171 -1.44089 2.63081 0.801286 -0.944093 
0.813285 -5.36726 0.249627 -8.75284 0.622522 5.82189 -0.891957 -0.949021 2.9614 -0.975262 -0.854996 1.55487 -0.387877 0.18537 -0.184909 1.08843 -1.52991 2.62364 0.953371 -0.952077 
0.913667 -5.36091 0.20577 -8.53928 0.609344 5.70072 -0.911553 -0.926807 2.96545 -0.970894 -0.784512 1.6312 -0.386755 0.220199 -0.104417 1.09067 -1.61563 2.61915 1.09677 -0.953645 
