129
0.389213 -1.04944 -0.183361 -1.54181 -0.787979 -0.230507 1.48241 1.91819 0.121899 -2.2043 0.645127 -1.88113 -0.159913 0.423325 
0.39411 -1.04376 -0.187851 -1.54163 -0.790529 -0.218172 1.48279 1.92009 0.124261 -2.20043 0.642636 -1.87738 -0.161944 0.424545 
0.398963 -1.03807 -0.192313 -1.54141 -0.793032 -0.205868 1.48325 1.92201 0.126649 -2.19658 0.640153 -1.8736 -0.163959 0.425809 
0.403771 -1.03239 -0.196744 -1.54115 -0.795485 -0.193597 1.48378 1.92393 0.129063 -2.19276 0.637681 -1.86979 -0.165959 0.427121 
0.408536 -1.02671 -0.201144 -1.54084 -0.797886 -0.181361 1.48439 1.92586 0.131504 -2.18895 0.63522 -1.86595 -0.167941 0.428482 
0.413257 -1.02103 -0.205513 -1.54049 -0.800237 -0.169162 1.48508 1.9278 0.133969 -2.18516 0.632768 -1.86208 -0.169906 0.429891 
0.417935 -1.01535 -0.209849 -1.5401 -0.802535 -0.157002 1.48584 1.92975 0.13646 -2.18139 0.630324 -1.85818 -0.171854 0.43135 
0.42257 -1.00966 -0.214152 -1.53966 -0.804779 -0.144884 1.48667 1.9317 0.138976 -2.17765 0.627889 -1.85425 -0.173783 0.432861 
0.427164 -1.00398 -0.218421 -1.53918 -0.80697 -0.13281 1.48758 1.93367 0.141516 -2.17393 0.625461 -1.85029 -0.175694 0.434422 
0.431716 -0.998292 -0.222657 -1.53865 -0.809107 -0.12078 1.48857 1.93564 0.144079 -2.17023 0.62304 -1.84629 -0.177586 0.436035 
0.436226 -0.992604 -0.226857 -1.53807 -0.811188 -0.108799 1.48964 1.93762 0.146666 -2.16655 0.620625 -1.84226 -0.179458 0.437702 
0.440696 -0.986914 -0.231021 -1.53745 -0.813212 -0.0968673 1.49077 1.93961 0.149276 -2.1629 0.618217 -1.8382 -0.181309 0.439422 
0.445126 -0.981222 -0.235149 -1.53678 -0.81518 -0.0849877 1.49199 1.9416 0.15191 -2.15927 0.615813 -1.83411 -0.183139 0.441197 
0.449516 -0.975527 -0.239238 -1.53606 -0.817088 -0.073162 1.49327 1.94361 0.154566 -2.15567 0.613415 -1.82998 -0.184947 0.443027 
0.453867 -0.96983 -0.24329 -1.53529 -0.818938 -0.0613922 1.49463 1.94562 0.157245 -2.1521 0.611022 -1.82582 -0.186732 0.444914 
0.458179 -0.96413 -0.247302 -1.53448 -0.820727 -0.0496802 1.49606 1.94764 0.159947 -2.14855 0.608633 -1.82162 -0.188493 0.446857 
0.462454 -0.958427 -0.251275 -1.53361 -0.822455 -0.038028 1.49757 1.94966 0.162671 -2.14503 0.606248 -1.81739 -0.19023 0.448858 
0.466683 -0.952703 -0.25521 -1.5327 -0.824127 -0.0264326 1.49916 1.95169 0.165407 -2.14153 0.603865 -1.81312 -0.191954 0.45091 
0.470874 -0.946976 -0.259103 -1.53173 -0.825735 -0.014901 1.50083 1.95373 0.168166 -2.13806 0.601485 -1.80882 -0.193651 0.453022 
0.475029 -0.941246 -0.262953 -1.53072 -0.827279 -0.00343518 1.50257 1.95578 0.170946 -2.13462 0.599109 -1.80449 -0.195322 0.455193 
0.479147 -0.935512 -0.266759 -1.52965 -0.828758 0.0079632 1.50438 1.95783 0.173747 -2.13121 0.596736 -1.80011 -0.196965 0.457425 
0.483229 -0.929774 -0.270521 -1.52853 -0.83017 0.0192925 1.50626 1.95989 0.17657 -2.12782 0.594366 -1.79571 -0.198581 0.459718 
0.487275 -0.924033 -0.274237 -1.52736 -0.831514 0.0305509 1.5082 1.96195 0.179414 -2.12447 0.591999 -1.79126 -0.200168 0.462072 
0.491285 -0.918288 -0.277906 -1.52614 -0.83279 0.0417368 1.51021 1.96401 0.182279 -2.12115 0.589636 -1.78678 -0.201725 0.464488 
0.495261 -0.91254 -0.281527 -1.52486 -0.833997 0.0528485 1.51228 1.96608 0.185165 -2.11786 0.587276 -1.78227 -0.203251 0.466966 
0.4992 -0.906786 -0.2851 -1.52353 -0.835134 0.0638849 1.51442 1.96816 0.188071 -2.11459 0.584918 -1.77772 -0.204748 0.469507 
0.503105 -0.901028 -0.288624 -1.52215 -0.836199 0.0748439 1.51663 1.97023 0.190997 -2.11136 0.582564 -1.77313 -0.206213 0.472111 
0.506976 -0.895266 -0.292097 -1.52071 -0.837192 0.0857241 1.5189 1.97231 0.193944 -2.10817 0.580214 -1.76851 -0.207644 0.474778 
0.510812 -0.889501 -0.295518 -1.51922 -0.838112 0.0965239 1.52122 1.97439 0.196912 -2.105 0.577868 -1.76385 -0.209042 0.477509 
0.514615 -0.883732 -0.298887 -1.51768 -0.838957 0.107242 1.52361 1.97647 0.199899 -2.10187 0.575525 -1.75916 -0.210406 0.480305 
0.518385 -0.87796 -0.302203 -1.51608 -0.839727 0.117877 1.52605 1.97855 0.202908 -2.09877 0.573188 -1.75443 -0.211734 0.483165 
0.522121 -0.872185 -0.305464 -1.51443 -0.84042 0.128427 1.52856 1.98063 0.205936 -2.0957 0.570855 -1.74967 -0.213026 0.48609 
0.525825 -0.866407 -0.30867 -1.51272 -0.841036 0.138891 1.53111 1.98272 0.208984 -2.09266 0.568527 -1.74487 -0.214282 0.489081 
0.529434 -0.860483 -0.311848 -1.51099 -0.841626 0.149273 1.53396 1.98481 0.211966 -2.08964 0.566172 -1.74001 -0.21557 0.492102 
0.533011 -0.854555 -0.314967 -1.5092 -0.842135 0.159563 1.53686 1.98691 0.214967 -2.08665 0.563823 -1.73511 -0.216819 0.495192 
0.536557 -0.848625 -0.318027 -1.50736 -0.842562 0.169758 1.53981 1.98901 0.217987 -2.0837 0.56148 -1.73018 -0.218028 0.498351 
0.54007 -0.842691 -0.321027 -1.50547 -0.842906 0.179859 1.54281 1.9911 0.221027 -2.08078 0.559144 -1.72521 -0.219196 0.501577 
0.543552 -0.836754 -0.323965 -1.50351 -0.843167 0.189863 1.54586 1.99319 0.224086 -2.0779 0.556815 -1.72021 -0.220323 0.504872 
0.547002 -0.830814 -0.326841 -1.50151 -0.843343 0.199769 1.54896 1.99527 0.227164 -2.07505 0.554494 -1.71517 -0.221407 0.508236 
0.550421 -0.824872 -0.329654 -1.49944 -0.843435 0.209577 1.55211 1.99735 0.230261 -2.07224 0.552182 -1.7101 -0.222448 0.511667 
0.553808 -0.818927 -0.332403 -1.49732 -0.84344 0.219284 1.5553 1.99943 0.233378 -2.06946 0.54988 -1.705 -0.223445 0.515167 
0.557164 -0.812978 -0.335088 -1.49515 -0.84336 0.22889 1.55854 2.00149 0.236512 -2.06672 0.547587 -1.69986 -0.224399 0.518735 
0.560487 -0.807027 -0.337707 -1.49292 -0.843192 0.238394 1.56182 2.00356 0.239665 -2.06402 0.545305 -1.69468 -0.225307 0.522371 
0.56378 -0.801075 -0.34026 -1.49063 -0.842937 0.247794 1.56515 2.00561 0.242837 -2.06135 0.543035 -1.68948 -0.226169 0.526075 
0.567041 -0.795121 -0.342746 -1.48829 -0.842593 0.25709 1.56851 2.00766 0.246027 -2.05871 0.540778 -1.68424 -0.226985 0.529846 
0.570271 -0.789166 -0.345164 -1.4859 -0.84216 0.266279 1.57191 2.0097 0.249236 -2.05611 0.538534 -1.67897 -0.227754 0.533686 
0.57347 -0.783211 -0.347514 -1.48346 -0.841638 0.275362 1.57534 2.01172 0.252464 -2.05355 0.536306 -1.67367 -0.228474 0.537592 
0.576637 -0.777255 -0.349795 -1.48096 -0.841025 0.284337 1.57881 2.01374 0.255711 -2.05102 0.534092 -1.66834 -0.229146 0.541566 
0.579773 -0.771299 -0.352006 -1.4784 -0.840322 0.293202 1.58231 2.01575 0.258976 -2.04852 0.531896 -1.66298 -0.229769 0.545606 
0.582868 -0.765323 -0.354148 -1.4758 -0.839533 0.301955 1.58587 2.01774 0.262245 -2.04606 0.52971 -1.65759 -0.230349 0.54971 
0.585931 -0.759349 -0.356219 -1.47314 -0.838652 0.310595 1.58947 2.01972 0.265533 -2.04363 0.527543 -1.65217 -0.230879 0.55388 
0.588962 -0.753375 -0.358218 -1.47043 -0.837678 0.319123 1.59309 2.02169 0.268839 -2.04124 0.525396 -1.64672 -0.231358 0.558117 
0.591961 -0.747402 -0.360145 -1.46767 -0.836612 0.327537 1.59673 2.02364 0.272163 -2.03888 0.523269 -1.64124 -0.231786 0.562419 
0.594928 -0.741431 -0.361999 -1.46486 -0.835454 0.335836 1.6004 2.02558 0.275504 -2.03656 0.521164 -1.63574 -0.232162 0.566786 
0.597863 -0.735461 -0.36378 -1.462 -0.834202 0.344019 1.6041 2.0275 0.278863 -2.03427 0.519083 -1.63022 -0.232485 0.571218 
0.600765 -0.729494 -0.365487 -1.45909 -0.832857 0.352086 1.60781 2.02941 0.28224 -2.03202 0.517025 -1.62467 -0.232755 0.575715 
0.603635 -0.72353 -0.36712 -1.45613 -0.831418 0.360034 1.61154 2.0313 0.285634 -2.0298 0.514993 -1.61909 -0.232972 0.580276 
0.606471 -0.717566 -0.368678 -1.45312 -0.829886 0.367862 1.61529 2.03317 0.289043 -2.02761 0.512986 -1.61349 -0.233137 0.5849 
0.609273 -0.711606 -0.370162 -1.45006 -0.82826 0.37557 1.61906 2.03503 0.29247 -2.02545 0.511007 -1.60788 -0.233247 0.589587 
0.612042 -0.70565 -0.37157 -1.44696 -0.82654 0.383157 1.62284 2.03686 0.295913 -2.02333 0.509056 -1.60224 -0.233302 0.594336 
0.614777 -0.699698 -0.372902 -1.4438 -0.824725 0.390622 1.62664 2.03867 0.299374 -2.02124 0.507136 -1.59658 -0.233303 0.599147 
0.617478 -0.693751 -0.374159 -1.4406 -0.822817 0.397963 1.63044 2.04047 0.30285 -2.01918 0.505246 -1.5909 -0.233249 0.60402 
0.620145 -0.687808 -0.375339 -1.43736 -0.820814 0.40518 1.63425 2.04224 0.306343 -2.01715 0.503389 -1.5852 -0.233139 0.608953 
0.622777 -0.681871 -0.376442 -1.43407 -0.818717 0.412272 1.63807 2.04399 0.309851 -2.01516 0.501566 -1.57949 -0.232974 0.613946 
0.625374 -0.67594 -0.377469 -1.43073 -0.816526 0.419237 1.64189 2.04571 0.313376 -2.01319 0.499777 -1.57376 -0.232752 0.618999 
0.627397 -0.668928 -0.378792 -1.42736 -0.814952 0.425421 1.64861 2.04688 0.316121 -2.01135 0.497519 -1.56727 -0.232523 0.624186 
0.629389 -0.661918 -0.380019 -1.42393 -0.813264 0.431444 1.65532 2.04801 0.318879 -2.00955 0.495308 -1.56076 -0.232223 0.62945 
0.631349 -0.654912 -0.381151 -1.42045 -0.811462 0.437307 1.66203 2.04911 0.32165 -2.00778 0.493144 -1.55423 -0.231852 0.63479 
0.633278 -0.647909 -0.382188 -1.41691 -0.809549 0.443008 1.66873 2.05017 0.324432 -2.00605 0.491031 -1.54767 -0.23141 0.640204 
0.635173 -0.640911 -0.383129 -1.41333 -0.807523 0.448547 1.67543 2.05119 0.327225 -2.00436 0.488969 -1.5411 -0.230896 0.645692 
0.637035 -0.633917 -0.383977 -1.40969 -0.805387 0.453923 1.68211 2.05218 0.33003 -2.00271 0.486961 -1.5345 -0.230311 0.651252 
0.638864 -0.626929 -0.38473 -1.40601 -0.803141 0.459134 1.68878 2.05313 0.332845 -2.00108 0.485009 -1.52789 -0.229655 0.656883 
0.640659 -0.619947 -0.385388 -1.40228 -0.800786 0.46418 1.69544 2.05404 0.335671 -1.99949 0.483115 -1.52127 -0.228927 0.662585 
0.642417 -0.612968 -0.385953 -1.3985 -0.798323 0.469059 1.70208 2.0549 0.338504 -1.99794 0.481278 -1.51463 -0.228128 0.668354 
0.64414 -0.605997 -0.386425 -1.39468 -0.795752 0.473771 1.7087 2.05573 0.341346 -1.99641 0.479503 -1.50797 -0.227258 0.674191 
0.645827 -0.599033 -0.386804 -1.39082 -0.793074 0.478315 1.71531 2.05651 0.344197 -1.99492 0.47779 -1.5013 -0.226316 0.680094 
0.647478 -0.592076 -0.38709 -1.38691 -0.790291 0.48269 1.72189 2.05725 0.347056 -1.99345 0.476143 -1.49463 -0.225302 0.686063 
0.649092 -0.585128 -0.387284 -1.38296 -0.787404 0.486894 1.72845 2.05795 0.349923 -1.99202 0.474561 -1.48794 -0.224217 0.692096 
0.650668 -0.57819 -0.387387 -1.37898 -0.784413 0.490927 1.73498 2.0586 0.352797 -1.99061 0.473048 -1.48124 -0.223061 0.698191 
0.652207 -0.57126 -0.387399 -1.37495 -0.781319 0.494787 1.74149 2.0592 0.355678 -1.98923 0.471605 -1.47454 -0.221833 0.704348 
0.653707 -0.564341 -0.38732 -1.37089 -0.778124 0.498475 1.74796 2.05976 0.358565 -1.98787 0.470233 -1.46783 -0.220534 0.710565 
0.655154 -0.557413 -0.387151 -1.36679 -0.774835 0.501979 1.75444 2.06025 0.361441 -1.98653 0.46892 -1.46111 -0.219165 0.716839 
0.656561 -0.550496 -0.386893 -1.36265 -0.771446 0.505308 1.76089 2.06069 0.364323 -1.98522 0.467682 -1.45437 -0.217724 0.723172 
0.657929 -0.543591 -0.386546 -1.35848 -0.767959 0.508461 1.76729 2.06108 0.367209 -1.98393 0.466521 -1.44764 -0.216212 0.729561 
0.659256 -0.536698 -0.38611 -1.35428 -0.764376 0.511435 1.77366 2.06142 0.370098 -1.98266 0.465437 -1.44091 -0.21463 0.736005 
0.660542 -0.529818 -0.385587 -1.35005 -0.760697 0.514231 1.77999 2.06171 0.37299 -1.98141 0.464433 -1.43417 -0.212976 0.742505 
0.661786 -0.522951 -0.384977 -1.34579 -0.756924 0.516848 1.78628 2.06195 0.375884 -1.98018 0.46351 -1.42744 -0.211252 0.749057 
0.662989 -0.516098 -0.384281 -1.3415 -0.753059 0.519284 1.79252 2.06214 0.378779 -1.97897 0.462668 -1.42071 -0.209458 0.755662 
0.664148 -0.50926 -0.383499 -1.33718 -0.749101 0.521538 1.79872 2.06227 0.381676 -1.97777 0.46191 -1.41398 -0.207594 0.762318 
0.665264 -0.502436 -0.382632 -1.33284 -0.745054 0.523609 1.80487 2.06235 0.38457 -1.97659 0.461236 -1.40726 -0.205659 0.769023 
0.666335 -0.495627 -0.381681 -1.32847 -0.740919 0.525496 1.81098 2.06237 0.387464 -1.97542 0.460647 -1.40054 -0.203654 0.775776 
0.667363 -0.488834 -0.380646 -1.32408 -0.736696 0.5272 1.81703 2.06233 0.390357 -1.97427 0.460146 -1.39383 -0.20158 0.782577 
0.668346 -0.482058 -0.379529 -1.31966 -0.732388 0.528718 1.82303 2.06224 0.393247 -1.97313 0.459734 -1.38712 -0.199435 0.789424 
0.669284 -0.4753 -0.37833 -1.31523 -0.727995 0.53005 1.82897 2.0621 0.396133 -1.972 0.459412 -1.38042 -0.197222 0.796316 
0.670176 -0.46856 -0.37705 -1.31078 -0.723519 0.531195 1.83485 2.06189 0.399016 -1.97088 0.45918 -1.37373 -0.194939 0.803252 
0.671023 -0.461839 -0.375689 -1.3063 -0.718962 0.532152 1.84067 2.06163 0.401894 -1.96977 0.459041 -1.36706 -0.192588 0.810231 
0.671824 -0.455138 -0.374249 -1.30181 -0.714324 0.532921 1.84643 2.06131 0.404766 -1.96866 0.458995 -1.36039 -0.190167 0.817252 
0.672464 -0.448369 -0.372767 -1.29723 -0.709695 0.533415 1.8524 2.06067 0.407555 -1.9675 0.458917 -1.35359 -0.18761 0.824294 
0.673058 -0.44162 -0.371205 -1.29262 -0.704988 0.533716 1.8583 2.05996 0.410336 -1.96635 0.458935 -1.34681 -0.184984 0.831376 
0.673604 -0.434893 -0.369566 -1.288 -0.700206 0.533825 1.86413 2.05919 0.413109 -1.96519 0.459051 -1.34004 -0.182289 0.838496 
0.674103 -0.428189 -0.36785 -1.28337 -0.695349 0.53374 1.86989 2.05836 0.415872 -1.96404 0.459264 -1.33329 -0.179525 0.845654 
0.674553 -0.421506 -0.366057 -1.27873 -0.690419 0.533461 1.87557 2.05747 0.418625 -1.9629 0.459575 -1.32654 -0.176691 0.852848 
0.674955 -0.414848 -0.364188 -1.27408 -0.685419 0.532988 1.88118 2.05652 0.421367 -1.96175 0.459986 -1.31982 -0.173789 0.860077 
0.675308 -0.408213 -0.362245 -1.26942 -0.68035 0.532319 1.88672 2.0555 0.424097 -1.9606 0.460498 -1.31311 -0.170818 0.86734 
0.675612 -0.401603 -0.360227 -1.26474 -0.675213 0.531455 1.89217 2.05442 0.426813 -1.95945 0.46111 -1.30641 -0.167779 0.874636 
0.675865 -0.395019 -0.358138 -1.26006 -0.670012 0.530393 1.89755 2.05327 0.429514 -1.95829 0.461822 -1.29974 -0.16467 0.881963 
0.676068 -0.38846 -0.355976 -1.25538 -0.664746 0.529133 1.90284 2.05206 0.4322 -1.95714 0.462637 -1.29307 -0.161492 0.889322 
0.676221 -0.381929 -0.353742 -1.25069 -0.659419 0.527676 1.90804 2.05079 0.434869 -1.95597 0.463555 -1.28643 -0.158246 0.89671 
0.676324 -0.375425 -0.351438 -1.24599 -0.65403 0.526021 1.91316 2.04945 0.43752 -1.9548 0.464577 -1.2798 -0.154931 0.904127 
0.676376 -0.36895 -0.349064 -1.24129 -0.648583 0.524167 1.91819 2.04804 0.440153 -1.95362 0.465702 -1.27319 -0.151548 0.911573 
0.676377 -0.362504 -0.34662 -1.23659 -0.643078 0.522113 1.92312 2.04656 0.442766 -1.95243 0.466933 -1.2666 -0.148096 0.919045 
0.676326 -0.356089 -0.344108 -1.23188 -0.637518 0.51986 1.92796 2.04503 0.445358 -1.95123 0.468269 -1.26003 -0.144575 0.926544 
0.676225 -0.349704 -0.341529 -1.22718 -0.631905 0.517407 1.93271 2.04342 0.447927 -1.95001 0.46971 -1.25348 -0.140986 0.934067 
0.676058 -0.343351 -0.33889 -1.22246 -0.62625 0.514745 1.93738 2.04171 0.45047 -1.94878 0.47124 -1.24693 -0.137314 0.941611 
0.675839 -0.337031 -0.336186 -1.21774 -0.620546 0.511883 1.94195 2.03993 0.452989 -1.94753 0.472876 -1.2404 -0.133572 0.949178 
0.675568 -0.330744 -0.333415 -1.21303 -0.614792 0.508819 1.94642 2.03809 0.455482 -1.94627 0.474619 -1.23389 -0.129761 0.956768 
0.675244 -0.324491 -0.33058 -1.20832 -0.608992 0.505552 1.95078 2.03618 0.457947 -1.94499 0.47647 -1.2274 -0.125881 0.96438 
0.674867 -0.318274 -0.32768 -1.20361 -0.603146 0.502083 1.95503 2.0342 0.460383 -1.94369 0.478428 -1.22093 -0.12193 0.972013 
0.674438 -0.312093 -0.324716 -1.1989 -0.597258 0.498411 1.95918 2.03215 0.46279 -1.94238 0.480493 -1.21447 -0.117909 0.979667 
0.673955 -0.305949 -0.321689 -1.1942 -0.591327 0.494536 1.96322 2.03004 0.465165 -1.94104 0.482667 -1.20803 -0.113817 0.987341 
0.673418 -0.299843 -0.318598 -1.1895 -0.585357 0.490456 1.96714 2.02786 0.467507 -1.93969 0.48495 -1.20162 -0.109654 0.995034 
0.672826 -0.293777 -0.315447 -1.18481 -0.579349 0.486172 1.97095 2.0256 0.469815 -1.93831 0.487338 -1.19521 -0.105417 1.00275 
0.67218 -0.287751 -0.312234 -1.18013 -0.573305 0.481682 1.97464 2.02328 0.472087 -1.93691 0.489836 -1.18883 -0.101107 1.01047 
0.67148 -0.281766 -0.308959 -1.17545 -0.567226 0.476988 1.97821 2.02088 0.474321 -1.93548 0.492442 -1.18246 -0.0967243 1.01822 
0.670725 -0.275823 -0.305623 -1.17079 -0.561113 0.472087 1.98167 2.01842 0.476516 -1.93404 0.495158 -1.17611 -0.0922679 1.02599 
0.669915 -0.269924 -0.302226 -1.16613 -0.55497 0.466981 1.985 2.01589 0.478671 -1.93256 0.497983 -1.16977 -0.0877367 1.03377 
0.66905 -0.264069 -0.298768 -1.16147 -0.548796 0.461668 1.9882 2.01329 0.480783 -1.93106 0.500918 -1.16345 -0.0831301 1.04156 
0.668129 -0.258259 -0.29525 -1.15683 -0.542594 0.456147 1.99127 2.01062 0.482851 -1.92953 0.503962 -1.15714 -0.0784471 1.04938 
0.667153 -0.252496 -0.291671 -1.1522 -0.536365 0.450419 1.99422 2.00789 0.484872 -1.92798 0.507116 -1.15085 -0.0736869 1.0572 
