14
-0.274424 4.16854 0.620378 -12.5859 6.07027 1.62385 -0.919663 -0.686512 -0.553633 -0.420825 -0.209649 1.23071 1.52842 -0.0170947 -1.00374 -0.946141 0.228219 -1.12365 -0.147935 -1.02878 
0.557923 3.64569 -0.337436 -12.9381 5.64617 1.2171 -0.671597 -2.06481 -0.999048 -0.321701 -0.290471 1.0631 1.45822 0.0697096 -1.29961 -0.668975 -0.268431 -1.2008 1.24204 -0.773883 
0.916059 3.88825 -0.415918 -12.9006 5.00533 0.27922 -0.0646256 -1.402 -1.14221 -0.663191 0.450774 1.14028 1.18336 0.819277 -2.11085 -0.386466 0.180886 -1.34918 1.79358 -1.22937 
0.84478 3.14776 -1.41452 -12.7411 4.3195 -0.716949 -0.482251 -0.910934 -0.528392 0.204417 1.21141 0.602311 0.46677 1.34964 -1.93474 -1.29533 0.266148 -0.798305 1.44081 -1.02202 
1.13083 2.44286 -1.18367 -13.6114 5.23126 -0.329487 -0.933101 -1.46384 -1.19506 -0.630961 1.59097 1.25858 0.760305 1.13404 -1.3475 -1.7193 -0.0159664 -0.732569 0.957705 -0.850128 
1.94527 1.48394 -1.22086 -13.6136 4.34152 -0.376094 -1.26223 -1.64507 -0.662588 -0.938205 1.88062 1.54047 0.464228 1.06323 -0.601719 -1.85605 1.04474 0.0491691 0.253072 -1.70042 
0.573395 2.13766 2.70159 -9.33096 9.10525 -2.7462 -1.32865 -1.50385 -0.932585 -0.66117 1.72807 1.41754 1.03379 0.81305 -1.36203 -1.82823 -0.775137 -0.643906 0.598715 -1.94986 
0.904045 1.78159 3.25295 -9.65288 9.37379 -2.37644 -2.18958 -1.5689 -0.0379555 -0.737719 1.74173 1.49968 0.991719 0.398764 -1.44344 -0.890178 -1.40161 -0.978742 1.37073 -2.56002 
0.83331 0.93344 3.96532 -8.6784 8.5849 -2.23779 -1.14373 -1.13163 -0.282663 -1.1919 1.10502 1.43761 0.429138 0.0221575 -1.21481 -0.168962 0.112005 -1.79858 1.3064 -1.54898 
0.408525 0.541442 3.5808 -7.81579 8.23215 -1.3658 -0.848069 -1.44661 0.186773 -1.22034 0.868737 0.842626 0.301834 0.422377 -0.919253 -0.635329 0.0410655 -2.49874 1.28795 -0.56816 
0.444196 0.122024 4.45431 -8.19096 7.55395 -1.56271 -0.648911 -1.44632 0.0540333 -1.25124 0.888897 1.42233 0.185103 0.800503 -1.36094 -0.0990889 0.696983 -1.8673 1.77653 -0.886896 
-0.200856 -0.837093 4.21155 -8.68924 7.5168 -0.971797 -0.985608 -2.13068 -0.573189 -0.654297 0.884631 1.71133 0.104138 0.161487 -1.45887 -0.29944 0.685745 -2.3289 1.12662 -0.893844 
-0.409714 -0.190179 4.83937 -9.12399 7.05634 -0.0408315 -0.214313 -0.949517 -0.303005 -0.10215 0.414065 1.19531 0.0975759 0.32379 -1.81163 -0.493674 0.571882 -2.45255 -1.25774 -0.185525 
0 0 5 -10 8 0 0.305935 -1.03039 -0.727934 0.319778 0.458636 0.883846 0.34995 0.702649 -1.077 -0.337511 0.296043 -2.92456 -0.816651 0.358031 
